5000 0.6
10000 0.8
15000 0.8
20000 1.0
25000 0.9
30000 0.9
35000 1.0
40000 0.9
45000 0.9
50000 0.5
55000 0.7
60000 0.7
65000 0.8
70000 1.0
75000 1.0
80000 0.9
85000 0.9
90000 0.9
95000 0.9
100000 1.0
105000 0.8
110000 1.3
115000 1.2
120000 1.2
125000 1.1
130000 1.2
135000 1.5
140000 1.1
145000 4.9
150000 1.0
155000 1.8
160000 4.6
165000 5.8
170000 19.4
175000 11.3
180000 9.8
185000 9.3
190000 15.5
195000 14.5
200000 9.2
205000 36.1
210000 35.6
215000 37.4
220000 33.8
225000 14.1
230000 43.6
235000 42.6
240000 51.9
245000 38.1
250000 37.5
255000 58.9
260000 64.2
265000 69.7
270000 70.5
275000 75.0
280000 64.1
285000 63.8
290000 77.8
295000 75.2
300000 80.1
305000 71.9
310000 52.2
315000 61.2
320000 79.4
325000 87.2
330000 86.2
335000 85.7
340000 84.8
345000 88.1
350000 92.3
355000 86.1
360000 19.0
365000 49.6
370000 87.0
375000 85.9
380000 91.2
385000 89.4
390000 93.3
395000 83.7
400000 96.0
405000 94.8
410000 80.7
415000 95.7
420000 98.4
425000 101.2
430000 97.0
435000 94.3
440000 98.3
445000 98.0
450000 99.9
455000 99.7
460000 107.3
465000 105.0
470000 102.5
475000 104.2
480000 106.2
485000 102.5
490000 105.0
495000 105.5
500000 107.0
505000 105.4
510000 94.2
515000 84.1
520000 80.2
525000 98.7
530000 108.5
535000 110.4
540000 109.3
545000 109.1
550000 113.6
555000 104.7
560000 111.7
565000 107.6
570000 111.6
575000 109.8
580000 109.3
585000 100.0
590000 67.0
595000 110.2
600000 108.8
605000 110.7
610000 111.6
615000 112.8
620000 110.7
625000 113.4
630000 110.2
635000 113.4
640000 113.1
645000 102.7
650000 111.0
655000 113.6
660000 100.9
665000 100.1
670000 89.5
675000 91.0
680000 110.9
685000 114.3
690000 114.1
695000 113.1
700000 117.0
705000 117.8
710000 115.7
715000 112.8
720000 117.5
725000 115.5
730000 104.1
735000 115.2
740000 117.6
745000 116.9
750000 115.0
755000 120.5
760000 117.4
765000 115.9
770000 117.4
775000 116.2
780000 118.5
785000 118.0
790000 118.7
795000 117.8
800000 120.5
805000 117.4
810000 116.3
815000 119.0
820000 119.2
825000 106.7
830000 104.8
835000 107.3
840000 118.0
845000 119.4
850000 118.5
855000 119.3
860000 119.8
865000 118.2
870000 102.0
875000 110.1
880000 28.2
885000 11.8
890000 119.8
895000 118.1
900000 119.4
905000 121.7
910000 117.6
915000 122.9
920000 119.8
925000 118.6
930000 122.8
935000 121.3
940000 122.9
945000 122.6
950000 119.1
955000 123.9
960000 121.0
965000 120.4
970000 122.6
975000 111.3
980000 99.2
985000 123.4
990000 128.8
995000 122.5
1000000 126.2
1005000 85.2
1010000 73.0
1015000 65.7
1020000 87.2
1025000 45.5
1030000 43.9
1035000 69.6
1040000 48.7
1045000 60.1
1050000 45.7
1055000 84.3
1060000 63.7
1065000 81.8
1070000 81.9
1075000 86.0
1080000 72.9
1085000 91.9
1090000 88.4
1095000 63.0
1100000 90.2
1105000 89.5
1110000 100.0
1115000 83.4
1120000 50.9
1125000 9.9
1130000 23.7
1135000 99.3
1140000 108.6
1145000 112.0
1150000 113.0
1155000 120.9
1160000 115.3
1165000 123.1
1170000 118.9
1175000 118.0
1180000 115.8
1185000 76.6
1190000 124.1
1195000 115.2
1200000 128.5
1205000 127.5
1210000 126.5
1215000 128.8
1220000 124.9
1225000 125.9
1230000 129.3
1235000 125.2
1240000 122.4
1245000 128.0
1250000 132.2
1255000 113.6
1260000 130.3
1265000 142.4
1270000 137.2
1275000 132.0
1280000 133.4
1285000 137.0
1290000 138.0
1295000 144.4
1300000 138.7
1305000 126.3
1310000 123.4
1315000 105.9
1320000 115.4
1325000 28.8
1330000 113.4
1335000 147.0
1340000 144.1
1345000 146.3
1350000 9.7
1355000 1.1
1360000 2.6
1365000 2.2
1370000 5.7
1375000 46.7
1380000 21.4
1385000 71.1
1390000 57.8
1395000 107.7
1400000 80.0
1405000 30.2
1410000 35.9
1415000 8.6
1420000 1.1
1425000 10.8
1430000 16.9
1435000 149.5
1440000 53.4
1445000 17.1
1450000 88.3
1455000 147.7
1460000 150.6
1465000 142.9
1470000 156.9
1475000 160.5
1480000 151.0
1485000 158.6
1490000 154.0
1495000 158.5
1500000 155.9
1505000 156.9
1510000 159.4
1515000 157.5
1520000 157.9
1525000 163.4
1530000 158.9
1535000 159.1
1540000 163.7
1545000 168.4
1550000 168.2
1555000 158.2
1560000 163.3
1565000 158.6
1570000 161.3
1575000 173.2
1580000 166.8
1585000 170.7
1590000 178.8
1595000 167.5
1600000 170.3
1605000 164.2
1610000 150.7
1615000 176.7
1620000 168.5
1625000 167.6
1630000 133.4
1635000 28.7
1640000 1.9
1645000 2.1
1650000 2.3
1655000 21.2
1660000 104.9
1665000 128.2
1670000 145.2
1675000 164.1
1680000 170.6
1685000 59.0
1690000 80.1
1695000 3.1
1700000 0.7
1705000 1.3
1710000 84.6
1715000 132.2
1720000 160.8
1725000 158.9
1730000 164.7
1735000 163.9
1740000 165.2
1745000 167.7
1750000 169.3
1755000 167.5
1760000 173.8
1765000 152.3
1770000 153.6
1775000 114.9
1780000 53.0
1785000 71.6
1790000 115.8
1795000 166.9
1800000 170.3
1805000 159.3
1810000 167.0
1815000 86.6
1820000 3.8
1825000 10.0
1830000 67.0
1835000 157.4
1840000 174.3
1845000 175.6
1850000 175.5
1855000 177.8
1860000 174.7
1865000 175.7
1870000 176.9
1875000 179.0
1880000 177.0
1885000 174.1
1890000 177.2
1895000 185.0
1900000 173.5
1905000 180.0
1910000 172.0
1915000 169.3
1920000 180.3
1925000 174.9
1930000 181.2
1935000 185.5
1940000 179.7
1945000 181.5
1950000 176.8
1955000 176.9
1960000 174.9
1965000 165.9
1970000 180.2
1975000 183.1
1980000 181.0
1985000 171.9
1990000 174.7
1995000 185.0
2000000 162.8
