5000 0.8
10000 0.7
15000 0.7
20000 0.7
25000 0.8
30000 0.5
35000 1.2
40000 0.7
45000 0.7
50000 0.5
55000 0.7
60000 0.6
65000 0.9
70000 0.8
75000 1.0
80000 1.2
85000 0.7
90000 1.0
95000 1.1
100000 1.0
105000 1.1
110000 0.7
115000 0.7
120000 1.5
125000 1.5
130000 1.8
135000 1.2
140000 1.3
145000 1.3
150000 2.1
155000 4.1
160000 3.5
165000 5.2
170000 2.8
175000 2.1
180000 8.0
185000 16.2
190000 10.3
195000 9.3
200000 4.0
205000 21.2
210000 27.0
215000 40.5
220000 53.9
225000 48.4
230000 51.4
235000 56.9
240000 52.6
245000 59.9
250000 55.5
255000 68.1
260000 58.4
265000 43.9
270000 48.0
275000 68.2
280000 56.9
285000 35.2
290000 71.5
295000 72.2
300000 71.7
305000 64.5
310000 37.0
315000 30.3
320000 79.4
325000 77.7
330000 86.3
335000 83.4
340000 90.8
345000 80.4
350000 77.4
355000 90.2
360000 86.5
365000 92.9
370000 86.4
375000 92.3
380000 82.5
385000 49.7
390000 68.0
395000 96.7
400000 98.9
405000 97.0
410000 99.7
415000 94.7
420000 98.4
425000 102.3
430000 102.5
435000 99.8
440000 102.8
445000 97.9
450000 104.2
455000 101.6
460000 108.1
465000 111.4
470000 107.7
475000 102.9
480000 97.2
485000 106.5
490000 83.0
495000 16.6
500000 27.8
505000 89.4
510000 103.6
515000 113.9
520000 113.5
525000 115.9
530000 114.5
535000 111.8
540000 114.0
545000 114.9
550000 79.7
555000 115.3
560000 68.3
565000 35.8
570000 26.0
575000 109.6
580000 94.6
585000 107.4
590000 119.6
595000 121.9
600000 123.9
605000 121.5
610000 85.1
615000 91.5
620000 92.4
625000 121.3
630000 122.8
635000 122.2
640000 122.3
645000 128.4
650000 113.1
655000 124.2
660000 124.9
665000 123.2
670000 122.2
675000 123.8
680000 128.8
685000 125.4
690000 125.8
695000 130.1
700000 129.6
705000 131.1
710000 130.9
715000 129.6
720000 130.2
725000 130.0
730000 132.0
735000 130.3
740000 126.9
745000 131.7
750000 132.4
755000 131.5
760000 134.1
765000 136.1
770000 136.6
775000 137.1
780000 136.9
785000 133.1
790000 138.9
795000 137.1
800000 126.3
805000 137.8
810000 136.5
815000 138.5
820000 125.0
825000 136.6
830000 139.9
835000 135.8
840000 137.0
845000 136.9
850000 141.6
855000 102.1
860000 93.8
865000 139.0
870000 139.2
875000 140.1
880000 138.9
885000 141.4
890000 142.1
895000 136.5
900000 144.3
905000 138.0
910000 140.3
915000 145.0
920000 142.3
925000 137.6
930000 138.2
935000 140.4
940000 138.7
945000 139.2
950000 141.2
955000 145.1
960000 140.7
965000 141.5
970000 146.3
975000 141.9
980000 144.8
985000 144.5
990000 143.5
995000 137.5
1000000 142.7
1005000 112.8
1010000 97.0
1015000 96.1
1020000 94.8
1025000 94.8
1030000 103.0
1035000 61.3
1040000 91.0
1045000 86.3
1050000 95.1
1055000 85.6
1060000 95.8
1065000 92.2
1070000 88.6
1075000 81.5
1080000 82.6
1085000 63.2
1090000 98.9
1095000 88.3
1100000 101.1
1105000 100.1
1110000 98.6
1115000 100.7
1120000 105.7
1125000 91.2
1130000 97.8
1135000 100.8
1140000 102.2
1145000 94.5
1150000 92.7
1155000 61.5
1160000 111.9
1165000 97.5
1170000 98.1
1175000 110.3
1180000 110.8
1185000 120.0
1190000 120.9
1195000 122.3
1200000 119.4
1205000 122.3
1210000 115.9
1215000 121.9
1220000 120.1
1225000 124.7
1230000 114.2
1235000 118.8
1240000 122.3
1245000 124.6
1250000 126.1
1255000 99.3
1260000 115.6
1265000 122.3
1270000 127.6
1275000 126.9
1280000 128.2
1285000 118.9
1290000 124.8
1295000 124.2
1300000 124.5
1305000 127.6
1310000 130.7
1315000 129.8
1320000 130.0
1325000 136.3
1330000 134.1
1335000 137.6
1340000 138.6
1345000 134.7
1350000 140.7
1355000 139.2
1360000 132.6
1365000 132.8
1370000 134.4
1375000 138.8
1380000 137.1
1385000 141.6
1390000 137.0
1395000 137.3
1400000 140.9
1405000 141.1
1410000 146.1
1415000 141.9
1420000 144.1
1425000 141.7
1430000 141.1
1435000 144.0
1440000 144.8
1445000 149.2
1450000 144.6
1455000 144.1
1460000 143.4
1465000 145.3
1470000 148.7
1475000 147.8
1480000 144.8
1485000 152.6
1490000 147.4
1495000 145.9
1500000 152.2
1505000 150.8
1510000 152.6
1515000 147.1
1520000 153.5
1525000 149.8
1530000 149.3
1535000 149.8
1540000 153.6
1545000 154.0
1550000 152.3
1555000 150.6
1560000 152.8
1565000 151.4
1570000 149.6
1575000 153.6
1580000 153.2
1585000 154.8
1590000 151.7
1595000 143.9
1600000 149.3
1605000 157.6
1610000 155.3
1615000 156.2
1620000 155.4
1625000 152.7
1630000 154.6
1635000 153.4
1640000 151.2
1645000 155.8
1650000 159.8
1655000 160.3
1660000 158.4
1665000 160.4
1670000 157.8
1675000 159.7
1680000 158.5
1685000 160.4
1690000 159.6
1695000 158.8
1700000 157.1
1705000 157.9
1710000 158.6
1715000 158.2
1720000 159.3
1725000 145.6
1730000 149.6
1735000 154.7
1740000 154.0
1745000 157.0
1750000 159.6
1755000 162.2
1760000 156.6
1765000 160.0
1770000 164.1
1775000 164.5
1780000 161.2
1785000 155.9
1790000 153.2
1795000 161.5
1800000 161.5
1805000 162.7
1810000 164.5
1815000 161.7
1820000 159.4
1825000 163.4
1830000 164.0
1835000 157.3
1840000 163.6
1845000 164.7
1850000 167.4
1855000 164.7
1860000 162.7
1865000 163.8
1870000 161.2
1875000 160.9
1880000 163.7
1885000 164.2
1890000 167.5
1895000 165.9
1900000 168.7
1905000 164.6
1910000 162.8
1915000 164.9
1920000 164.9
1925000 168.6
1930000 164.7
1935000 165.6
1940000 162.1
1945000 169.7
1950000 165.8
1955000 166.0
1960000 163.1
1965000 169.0
1970000 169.3
1975000 157.6
1980000 21.9
1985000 0.7
1990000 3.0
1995000 4.7
2000000 1.0
