5000 1.3
10000 0.8
15000 0.9
20000 0.8
25000 1.0
30000 0.7
35000 0.7
40000 0.7
45000 0.9
50000 0.9
55000 0.8
60000 0.7
65000 1.0
70000 0.9
75000 0.7
80000 1.0
85000 0.6
90000 0.8
95000 1.1
100000 0.7
105000 0.9
110000 0.9
115000 0.9
120000 1.2
125000 1.2
130000 1.1
135000 0.6
140000 1.3
145000 1.1
150000 1.7
155000 1.2
160000 1.7
165000 1.3
170000 1.2
175000 1.3
180000 0.9
185000 1.8
190000 1.9
195000 1.6
200000 3.0
205000 1.3
210000 3.8
215000 3.6
220000 18.7
225000 26.0
230000 11.9
235000 37.9
240000 37.1
245000 56.8
250000 60.3
255000 62.9
260000 60.3
265000 53.6
270000 28.4
275000 16.4
280000 11.3
285000 66.6
290000 62.3
295000 63.2
300000 18.2
305000 42.5
310000 58.7
315000 84.9
320000 83.9
325000 80.9
330000 92.7
335000 89.8
340000 83.9
345000 89.7
350000 87.5
355000 87.9
360000 101.4
365000 106.2
370000 95.2
375000 96.2
380000 91.9
385000 90.0
390000 107.0
395000 10.9
400000 21.3
405000 64.2
410000 6.4
415000 17.6
420000 10.2
425000 10.0
430000 44.7
435000 92.5
440000 106.0
445000 105.1
450000 109.2
455000 87.7
460000 68.0
465000 2.6
470000 2.0
475000 12.8
480000 82.9
485000 108.6
490000 108.9
495000 113.8
500000 115.9
505000 116.8
510000 118.2
515000 117.4
520000 116.4
525000 117.2
530000 117.6
535000 115.5
540000 118.4
545000 118.6
550000 117.9
555000 117.9
560000 118.1
565000 122.1
570000 124.9
575000 121.7
580000 118.6
585000 127.2
590000 128.0
595000 129.9
600000 124.1
605000 130.8
610000 133.6
615000 131.4
620000 135.5
625000 103.1
630000 122.4
635000 137.4
640000 137.2
645000 36.7
650000 5.2
655000 4.2
660000 94.5
665000 128.7
670000 133.8
675000 134.2
680000 133.5
685000 134.3
690000 138.3
695000 136.8
700000 135.4
705000 136.6
710000 136.8
715000 140.2
720000 134.2
725000 135.8
730000 138.0
735000 140.0
740000 139.9
745000 136.3
750000 140.9
755000 137.9
760000 135.2
765000 140.5
770000 137.8
775000 136.8
780000 140.4
785000 141.5
790000 140.9
795000 142.9
800000 140.3
805000 137.9
810000 140.8
815000 137.1
820000 141.6
825000 140.6
830000 141.6
835000 140.7
840000 142.1
845000 141.0
850000 142.9
855000 141.9
860000 144.6
865000 140.6
870000 128.8
875000 1.3
880000 1.5
885000 2.7
890000 20.8
895000 1.4
900000 7.4
905000 53.0
910000 140.4
915000 129.1
920000 139.0
925000 144.4
930000 145.9
935000 143.0
940000 141.1
945000 136.3
950000 142.0
955000 142.0
960000 139.5
965000 141.7
970000 142.0
975000 139.9
980000 144.4
985000 135.4
990000 146.5
995000 145.3
1000000 145.3
1005000 117.8
1010000 103.6
1015000 107.4
1020000 115.7
1025000 100.4
1030000 105.5
1035000 110.0
1040000 98.2
1045000 106.0
1050000 113.7
1055000 115.8
1060000 102.5
1065000 104.8
1070000 101.2
1075000 132.6
1080000 119.8
1085000 97.9
1090000 102.9
1095000 117.6
1100000 100.5
1105000 104.6
1110000 121.5
1115000 139.0
1120000 96.0
1125000 141.0
1130000 135.3
1135000 123.6
1140000 129.4
1145000 97.6
1150000 117.4
1155000 141.0
1160000 134.7
1165000 79.4
1170000 20.0
1175000 0.7
1180000 0.9
1185000 0.6
1190000 1.0
1195000 4.8
1200000 42.0
1205000 77.5
1210000 71.2
1215000 112.1
1220000 77.2
1225000 110.8
1230000 117.5
1235000 76.6
1240000 139.4
1245000 144.9
1250000 110.1
1255000 114.0
1260000 129.8
1265000 128.4
1270000 144.9
1275000 124.7
1280000 145.8
1285000 141.8
1290000 148.4
1295000 134.7
1300000 97.4
1305000 130.4
1310000 143.2
1315000 144.6
1320000 139.2
1325000 141.6
1330000 148.2
1335000 144.4
1340000 141.7
1345000 104.5
1350000 0.9
1355000 1.8
1360000 1.7
1365000 20.8
1370000 28.9
1375000 105.5
1380000 119.1
1385000 144.1
1390000 145.1
1395000 132.1
1400000 148.6
1405000 150.9
1410000 148.0
1415000 148.4
1420000 147.7
1425000 145.9
1430000 133.6
1435000 147.6
1440000 147.7
1445000 146.3
1450000 145.8
1455000 151.7
1460000 120.2
1465000 63.5
1470000 145.3
1475000 133.9
1480000 152.2
1485000 143.2
1490000 148.9
1495000 150.6
1500000 144.1
1505000 151.5
1510000 150.1
1515000 148.6
1520000 148.4
1525000 147.4
1530000 148.3
1535000 146.7
1540000 150.0
1545000 146.3
1550000 144.7
1555000 146.6
1560000 146.7
1565000 151.5
1570000 150.0
1575000 147.8
1580000 149.1
1585000 151.0
1590000 146.7
1595000 150.4
1600000 146.6
1605000 150.2
1610000 150.4
1615000 148.4
1620000 150.3
1625000 149.0
1630000 133.0
1635000 150.3
1640000 146.3
1645000 148.3
1650000 147.9
1655000 149.9
1660000 149.6
1665000 149.3
1670000 145.2
1675000 148.5
1680000 144.5
1685000 152.5
1690000 151.4
1695000 149.0
1700000 150.3
1705000 148.8
1710000 144.8
1715000 146.6
1720000 144.8
1725000 129.5
1730000 144.6
1735000 147.8
1740000 150.9
1745000 148.6
1750000 151.1
1755000 149.8
1760000 135.1
1765000 153.5
1770000 135.6
1775000 133.1
1780000 121.3
1785000 79.7
1790000 89.6
1795000 92.2
1800000 15.5
1805000 0.7
1810000 1.0
1815000 0.7
1820000 2.2
1825000 3.6
1830000 6.3
1835000 87.8
1840000 125.9
1845000 136.4
1850000 130.7
1855000 134.8
1860000 144.4
1865000 146.8
1870000 149.1
1875000 146.7
1880000 149.8
1885000 149.0
1890000 149.9
1895000 147.3
1900000 144.9
1905000 150.5
1910000 119.1
1915000 1.2
1920000 0.8
1925000 0.8
1930000 1.1
1935000 1.4
1940000 0.9
1945000 15.7
1950000 77.4
1955000 116.7
1960000 142.4
1965000 147.9
1970000 142.4
1975000 116.9
1980000 106.4
1985000 91.7
1990000 1.0
1995000 0.8
2000000 0.7
