5000 0.9
10000 0.9
15000 0.8
20000 0.8
25000 0.7
30000 0.9
35000 0.9
40000 1.0
45000 0.8
50000 1.1
55000 1.1
60000 1.1
65000 0.9
70000 0.8
75000 0.8
80000 0.8
85000 1.0
90000 0.9
95000 1.2
100000 1.2
105000 1.1
110000 0.9
115000 1.0
120000 0.8
125000 0.9
130000 1.1
135000 1.0
140000 1.6
145000 0.8
150000 1.3
155000 1.1
160000 1.3
165000 1.3
170000 0.8
175000 1.2
180000 1.3
185000 1.2
190000 1.4
195000 1.0
200000 1.3
205000 1.1
210000 1.4
215000 1.5
220000 1.1
225000 1.5
230000 1.5
235000 1.5
240000 1.4
245000 1.4
250000 1.2
255000 1.1
260000 1.3
265000 1.3
270000 1.4
275000 1.0
280000 1.3
285000 1.1
290000 1.4
295000 1.8
300000 1.2
305000 1.0
310000 1.2
315000 1.2
320000 1.4
325000 1.2
330000 1.5
335000 1.8
340000 1.3
345000 1.7
350000 1.7
355000 1.5
360000 1.6
365000 1.6
370000 1.4
375000 2.1
380000 1.4
385000 2.3
390000 1.7
395000 5.7
400000 1.5
405000 5.1
410000 3.8
415000 4.8
420000 8.9
425000 16.4
430000 16.5
435000 20.8
440000 7.8
445000 32.7
450000 14.0
455000 22.7
460000 13.2
465000 10.6
470000 31.7
475000 48.5
480000 45.7
485000 56.3
490000 51.0
495000 51.4
500000 58.6
505000 52.4
510000 63.9
515000 52.9
520000 50.6
525000 25.3
530000 8.8
535000 6.2
540000 5.0
545000 8.8
550000 55.2
555000 64.2
560000 63.6
565000 67.8
570000 81.0
575000 84.0
580000 80.9
585000 80.8
590000 80.9
595000 84.4
600000 78.1
605000 88.9
610000 83.6
615000 75.0
620000 84.7
625000 76.1
630000 83.1
635000 85.7
640000 96.0
645000 81.8
650000 91.8
655000 88.2
660000 88.9
665000 89.0
670000 92.9
675000 86.1
680000 30.9
685000 11.2
690000 80.5
695000 92.8
700000 92.2
705000 83.1
710000 98.3
715000 103.1
720000 96.5
725000 100.8
730000 103.6
735000 103.0
740000 101.4
745000 102.2
750000 104.1
755000 104.9
760000 101.4
765000 101.6
770000 104.3
775000 101.9
780000 99.6
785000 102.6
790000 107.4
795000 104.6
800000 106.9
805000 108.7
810000 105.3
815000 94.8
820000 98.4
825000 94.1
830000 111.7
835000 97.1
840000 109.6
845000 69.2
850000 92.1
855000 98.5
860000 107.5
865000 108.0
870000 104.5
875000 106.8
880000 107.8
885000 111.6
890000 106.6
895000 110.9
900000 111.5
905000 111.0
910000 110.0
915000 109.4
920000 108.4
925000 112.1
930000 113.2
935000 112.7
940000 108.0
945000 110.5
950000 117.4
955000 107.9
960000 114.6
965000 117.3
970000 114.4
975000 116.1
980000 114.9
985000 116.2
990000 114.8
995000 115.5
1000000 114.3
1005000 75.6
1010000 93.5
1015000 63.1
1020000 31.4
1025000 15.5
1030000 1.5
1035000 11.0
1040000 64.9
1045000 52.2
1050000 48.3
1055000 40.5
1060000 8.1
1065000 24.4
1070000 69.9
1075000 73.3
1080000 44.2
1085000 46.8
1090000 44.9
1095000 52.4
1100000 13.6
1105000 79.1
1110000 94.2
1115000 94.8
1120000 91.5
1125000 98.8
1130000 87.8
1135000 95.6
1140000 96.6
1145000 98.6
1150000 105.3
1155000 99.3
1160000 108.0
1165000 104.1
1170000 94.3
1175000 104.9
1180000 104.3
1185000 92.4
1190000 36.2
1195000 46.2
1200000 100.6
1205000 97.4
1210000 104.9
1215000 91.7
1220000 91.1
1225000 89.4
1230000 70.3
1235000 88.1
1240000 93.9
1245000 114.3
1250000 105.5
1255000 118.1
1260000 115.9
1265000 117.0
1270000 103.3
1275000 116.6
1280000 104.6
1285000 119.5
1290000 118.1
1295000 118.7
1300000 117.3
1305000 119.8
1310000 117.8
1315000 117.4
1320000 121.5
1325000 119.4
1330000 118.0
1335000 122.9
1340000 118.1
1345000 120.1
1350000 116.9
1355000 117.0
1360000 123.5
1365000 119.0
1370000 121.4
1375000 114.8
1380000 121.5
1385000 123.3
1390000 127.4
1395000 99.6
1400000 111.3
1405000 127.8
1410000 106.7
1415000 124.9
1420000 133.2
1425000 133.1
1430000 133.9
1435000 142.8
1440000 135.9
1445000 137.4
1450000 100.0
1455000 128.1
1460000 94.0
1465000 29.0
1470000 7.8
1475000 4.1
1480000 1.0
1485000 1.3
1490000 3.5
1495000 113.7
1500000 128.2
1505000 135.5
1510000 150.0
1515000 156.0
1520000 153.0
1525000 154.0
1530000 154.8
1535000 151.4
1540000 155.5
1545000 151.3
1550000 153.1
1555000 154.9
1560000 146.0
1565000 153.8
1570000 145.6
1575000 158.2
1580000 158.7
1585000 158.7
1590000 159.0
1595000 145.7
1600000 161.7
1605000 167.3
1610000 164.7
1615000 163.7
1620000 167.7
1625000 156.2
1630000 167.4
1635000 164.4
1640000 168.8
1645000 166.5
1650000 168.2
1655000 165.8
1660000 168.7
1665000 151.4
1670000 161.5
1675000 166.6
1680000 172.1
1685000 174.1
1690000 176.6
1695000 164.3
1700000 176.1
1705000 180.4
1710000 150.7
1715000 173.1
1720000 154.5
1725000 175.1
1730000 176.0
1735000 41.8
1740000 1.0
1745000 1.1
1750000 2.0
1755000 8.5
1760000 34.0
1765000 85.7
1770000 151.9
1775000 68.8
1780000 20.5
1785000 0.9
1790000 1.1
1795000 0.6
1800000 10.7
1805000 36.2
1810000 53.9
1815000 138.7
1820000 147.1
1825000 116.4
1830000 146.5
1835000 167.0
1840000 179.5
1845000 178.3
1850000 174.4
1855000 180.9
1860000 151.0
1865000 150.6
1870000 170.0
1875000 171.4
1880000 181.2
1885000 175.8
1890000 191.4
1895000 189.4
1900000 183.6
1905000 161.9
1910000 188.8
1915000 186.1
1920000 179.2
1925000 188.4
1930000 179.5
1935000 179.6
1940000 193.6
1945000 201.9
1950000 192.9
1955000 194.2
1960000 202.4
1965000 177.2
1970000 185.4
1975000 181.6
1980000 201.2
1985000 186.5
1990000 198.9
1995000 190.0
2000000 195.7
