5000 0.9
10000 1.0
15000 1.0
20000 0.7
25000 0.9
30000 0.6
35000 0.5
40000 0.5
45000 1.2
50000 0.5
55000 0.6
60000 0.6
65000 0.8
70000 0.8
75000 0.8
80000 1.0
85000 0.8
90000 0.9
95000 0.8
100000 0.8
105000 0.8
110000 1.1
115000 0.9
120000 1.5
125000 0.8
130000 1.2
135000 0.9
140000 0.9
145000 1.2
150000 0.8
155000 1.0
160000 1.2
165000 1.3
170000 1.3
175000 1.0
180000 1.3
185000 1.2
190000 1.1
195000 1.4
200000 1.3
205000 1.4
210000 1.3
215000 1.4
220000 0.8
225000 1.2
230000 1.4
235000 0.9
240000 1.2
245000 1.1
250000 1.2
255000 1.2
260000 1.4
265000 1.7
270000 1.4
275000 1.5
280000 1.3
285000 1.5
290000 1.4
295000 1.5
300000 1.2
305000 1.2
310000 1.2
315000 1.1
320000 1.5
325000 1.6
330000 1.4
335000 1.8
340000 1.5
345000 1.0
350000 1.5
355000 1.0
360000 1.2
365000 1.5
370000 1.5
375000 1.2
380000 1.7
385000 1.1
390000 1.4
395000 1.0
400000 1.2
405000 1.1
410000 1.2
415000 1.7
420000 1.3
425000 1.8
430000 1.3
435000 1.6
440000 1.1
445000 1.5
450000 1.3
455000 1.4
460000 1.2
465000 1.6
470000 1.5
475000 1.3
480000 1.2
485000 1.3
490000 2.0
495000 1.4
500000 1.8
505000 3.3
510000 1.0
515000 1.1
520000 1.5
525000 0.8
530000 1.3
535000 1.5
540000 10.6
545000 1.3
550000 4.5
555000 4.3
560000 8.8
565000 7.9
570000 7.3
575000 5.2
580000 15.1
585000 13.9
590000 5.6
595000 8.8
600000 8.1
605000 10.0
610000 22.7
615000 34.2
620000 27.9
625000 40.6
630000 40.1
635000 43.2
640000 35.6
645000 6.6
650000 32.0
655000 52.9
660000 52.2
665000 53.6
670000 1.1
675000 1.1
680000 1.8
685000 1.6
690000 22.8
695000 55.8
700000 63.3
705000 53.7
710000 60.5
715000 61.2
720000 44.6
725000 8.2
730000 1.1
735000 1.4
740000 14.3
745000 38.4
750000 66.6
755000 74.9
760000 77.6
765000 75.2
770000 57.6
775000 73.7
780000 77.3
785000 79.0
790000 68.4
795000 9.5
800000 1.2
805000 0.9
810000 2.7
815000 37.3
820000 69.8
825000 76.9
830000 84.6
835000 90.4
840000 89.2
845000 83.9
850000 93.6
855000 91.1
860000 85.6
865000 95.6
870000 93.3
875000 87.2
880000 87.5
885000 92.6
890000 94.3
895000 96.9
900000 78.7
905000 88.7
910000 102.8
915000 97.3
920000 104.1
925000 99.1
930000 100.5
935000 100.0
940000 104.9
945000 103.9
950000 100.8
955000 99.4
960000 102.9
965000 98.5
970000 104.5
975000 104.6
980000 103.7
985000 101.5
990000 100.3
995000 93.2
1000000 108.0
1005000 88.8
1010000 78.7
1015000 78.1
1020000 68.3
1025000 74.9
1030000 57.8
1035000 36.9
1040000 86.6
1045000 73.3
1050000 80.8
1055000 89.6
1060000 79.6
1065000 87.6
1070000 86.6
1075000 98.5
1080000 96.8
1085000 97.8
1090000 93.4
1095000 98.0
1100000 103.1
1105000 99.2
1110000 88.0
1115000 103.9
1120000 48.8
1125000 105.5
1130000 104.2
1135000 98.8
1140000 106.5
1145000 103.5
1150000 104.4
1155000 106.8
1160000 107.8
1165000 111.5
1170000 108.4
1175000 106.8
1180000 110.6
1185000 110.9
1190000 109.9
1195000 108.0
1200000 110.4
1205000 114.6
1210000 113.6
1215000 114.3
1220000 111.9
1225000 113.2
1230000 103.8
1235000 115.8
1240000 115.6
1245000 115.5
1250000 117.4
1255000 112.9
1260000 114.0
1265000 116.5
1270000 117.9
1275000 116.5
1280000 119.1
1285000 118.0
1290000 117.0
1295000 118.2
1300000 119.0
1305000 110.5
1310000 120.7
1315000 123.3
1320000 121.5
1325000 121.5
1330000 120.4
1335000 116.0
1340000 121.3
1345000 113.5
1350000 3.4
1355000 0.6
1360000 1.1
1365000 2.7
1370000 11.6
1375000 23.1
1380000 49.8
1385000 72.1
1390000 49.6
1395000 5.4
1400000 1.0
1405000 1.0
1410000 4.2
1415000 20.6
1420000 66.5
1425000 95.0
1430000 88.8
1435000 103.7
1440000 102.3
1445000 109.5
1450000 81.2
1455000 60.4
1460000 79.6
1465000 108.3
1470000 123.9
1475000 124.9
1480000 128.1
1485000 124.0
1490000 123.1
1495000 127.6
1500000 129.2
1505000 125.2
1510000 128.9
1515000 127.2
1520000 129.4
1525000 131.5
1530000 130.3
1535000 132.8
1540000 134.7
1545000 135.7
1550000 138.3
1555000 107.6
1560000 135.4
1565000 130.5
1570000 134.0
1575000 137.8
1580000 134.8
1585000 139.3
1590000 139.1
1595000 140.9
1600000 137.4
1605000 136.9
1610000 139.7
1615000 137.4
1620000 142.9
1625000 144.6
1630000 144.6
1635000 143.1
1640000 147.0
1645000 143.1
1650000 146.5
1655000 148.5
1660000 149.1
1665000 147.7
1670000 153.0
1675000 151.5
1680000 148.8
1685000 147.8
1690000 149.1
1695000 147.3
1700000 154.9
1705000 152.5
1710000 146.0
1715000 154.7
1720000 158.9
1725000 155.7
1730000 133.3
1735000 129.6
1740000 128.6
1745000 154.4
1750000 156.3
1755000 163.5
1760000 160.8
1765000 163.4
1770000 163.9
1775000 169.1
1780000 156.2
1785000 171.8
1790000 162.1
1795000 164.0
1800000 168.4
1805000 171.5
1810000 167.2
1815000 166.9
1820000 175.3
1825000 173.2
1830000 172.1
1835000 167.9
1840000 168.9
1845000 172.9
1850000 174.0
1855000 178.4
1860000 178.7
1865000 172.1
1870000 177.5
1875000 171.3
1880000 166.4
1885000 181.5
1890000 178.8
1895000 188.1
1900000 180.2
1905000 181.1
1910000 183.0
1915000 191.4
1920000 184.6
1925000 176.2
1930000 185.9
1935000 183.4
1940000 184.3
1945000 190.3
1950000 181.4
1955000 191.2
1960000 183.0
1965000 190.6
1970000 185.9
1975000 185.9
1980000 189.6
1985000 185.5
1990000 191.1
1995000 189.0
2000000 191.6
