5000 0.8
10000 0.9
15000 0.8
20000 0.6
25000 0.5
30000 0.9
35000 0.6
40000 0.7
45000 0.6
50000 0.9
55000 0.8
60000 1.1
65000 1.3
70000 0.7
75000 0.7
80000 0.9
85000 0.9
90000 1.1
95000 1.2
100000 0.9
105000 1.3
110000 1.2
115000 1.7
120000 1.1
125000 1.2
130000 1.2
135000 2.9
140000 1.1
145000 7.4
150000 7.9
155000 9.6
160000 16.2
165000 6.1
170000 5.1
175000 5.8
180000 16.2
185000 20.6
190000 10.9
195000 12.9
200000 12.4
205000 26.8
210000 36.2
215000 25.5
220000 14.3
225000 18.1
230000 20.0
235000 44.8
240000 38.6
245000 40.9
250000 25.4
255000 3.6
260000 1.6
265000 3.8
270000 4.3
275000 6.7
280000 23.2
285000 56.4
290000 60.1
295000 56.9
300000 61.5
305000 41.1
310000 57.4
315000 66.0
320000 62.8
325000 76.0
330000 36.2
335000 14.9
340000 64.9
345000 63.8
350000 68.0
355000 71.6
360000 81.7
365000 76.4
370000 83.2
375000 70.8
380000 76.0
385000 85.6
390000 78.7
395000 87.8
400000 87.7
405000 84.5
410000 76.2
415000 90.4
420000 86.7
425000 84.4
430000 91.0
435000 91.3
440000 93.6
445000 89.6
450000 84.6
455000 80.8
460000 90.6
465000 96.9
470000 93.6
475000 90.9
480000 95.1
485000 94.2
490000 94.1
495000 98.1
500000 103.1
505000 82.9
510000 97.7
515000 101.2
520000 101.0
525000 99.3
530000 104.4
535000 104.4
540000 103.4
545000 106.5
550000 107.1
555000 108.4
560000 101.7
565000 102.4
570000 78.6
575000 15.3
580000 13.3
585000 83.7
590000 109.2
595000 108.4
600000 108.5
605000 98.8
610000 111.8
615000 111.6
620000 109.3
625000 110.0
630000 112.0
635000 105.0
640000 108.1
645000 105.7
650000 102.0
655000 113.9
660000 115.8
665000 114.3
670000 110.0
675000 116.1
680000 113.7
685000 114.2
690000 115.2
695000 112.8
700000 39.7
705000 6.1
710000 4.3
715000 88.5
720000 109.8
725000 117.3
730000 106.7
735000 116.0
740000 118.9
745000 118.1
750000 119.9
755000 118.7
760000 121.9
765000 121.9
770000 119.5
775000 118.8
780000 80.2
785000 1.5
790000 0.8
795000 0.9
800000 1.1
805000 1.1
810000 3.9
815000 50.9
820000 101.5
825000 102.0
830000 105.4
835000 118.9
840000 117.2
845000 117.8
850000 116.9
855000 115.1
860000 121.8
865000 120.4
870000 120.7
875000 118.8
880000 125.2
885000 123.9
890000 122.4
895000 125.2
900000 122.6
905000 127.9
910000 124.0
915000 121.8
920000 124.5
925000 122.0
930000 130.0
935000 128.2
940000 125.5
945000 128.8
950000 120.1
955000 130.7
960000 129.2
965000 128.8
970000 119.7
975000 132.2
980000 130.8
985000 97.2
990000 131.1
995000 131.1
1000000 132.3
1005000 94.5
1010000 55.3
1015000 41.4
1020000 72.4
1025000 75.3
1030000 90.7
1035000 100.4
1040000 82.1
1045000 75.1
1050000 46.7
1055000 42.8
1060000 36.0
1065000 51.2
1070000 61.4
1075000 101.3
1080000 109.3
1085000 114.7
1090000 96.2
1095000 113.9
1100000 100.2
1105000 97.5
1110000 106.6
1115000 110.5
1120000 109.5
1125000 107.9
1130000 118.1
1135000 110.4
1140000 107.4
1145000 107.3
1150000 117.1
1155000 115.6
1160000 119.6
1165000 115.3
1170000 122.8
1175000 118.0
1180000 124.7
1185000 119.1
1190000 124.7
1195000 126.3
1200000 129.6
1205000 123.5
1210000 101.8
1215000 125.1
1220000 128.3
1225000 128.4
1230000 129.3
1235000 129.9
1240000 124.6
1245000 128.3
1250000 127.9
1255000 128.9
1260000 129.3
1265000 134.1
1270000 129.8
1275000 129.5
1280000 132.7
1285000 132.7
1290000 131.5
1295000 132.9
1300000 132.5
1305000 134.0
1310000 125.8
1315000 133.0
1320000 134.1
1325000 133.8
1330000 135.5
1335000 135.6
1340000 136.0
1345000 134.4
1350000 135.4
1355000 138.4
1360000 129.7
1365000 133.7
1370000 141.4
1375000 133.5
1380000 132.5
1385000 138.8
1390000 137.3
1395000 138.0
1400000 143.2
1405000 134.1
1410000 142.4
1415000 137.4
1420000 138.7
1425000 137.3
1430000 139.2
1435000 138.1
1440000 128.3
1445000 128.6
1450000 139.7
1455000 142.1
1460000 141.3
1465000 142.2
1470000 141.0
1475000 144.2
1480000 130.2
1485000 124.5
1490000 129.5
1495000 144.4
1500000 143.7
1505000 110.2
1510000 10.4
1515000 4.6
1520000 2.9
1525000 7.3
1530000 10.8
1535000 9.1
1540000 45.9
1545000 13.0
1550000 63.8
1555000 83.5
1560000 124.1
1565000 130.2
1570000 111.3
1575000 135.1
1580000 40.0
1585000 47.3
1590000 38.1
1595000 115.2
1600000 141.7
1605000 141.6
1610000 143.6
1615000 140.2
1620000 141.4
1625000 126.4
1630000 144.8
1635000 132.5
1640000 141.3
1645000 149.0
1650000 146.8
1655000 147.0
1660000 151.3
1665000 151.0
1670000 149.6
1675000 148.5
1680000 148.5
1685000 146.4
1690000 151.9
1695000 146.3
1700000 154.3
1705000 148.3
1710000 130.6
1715000 26.2
1720000 22.2
1725000 16.8
1730000 138.8
1735000 150.9
1740000 150.3
1745000 154.7
1750000 152.3
1755000 155.1
1760000 155.1
1765000 154.6
1770000 149.2
1775000 94.1
1780000 55.9
1785000 58.4
1790000 8.3
1795000 133.2
1800000 139.3
1805000 151.9
1810000 156.1
1815000 153.3
1820000 154.2
1825000 154.8
1830000 153.4
1835000 154.4
1840000 155.9
1845000 153.3
1850000 141.1
1855000 150.8
1860000 156.7
1865000 147.8
1870000 144.1
1875000 157.4
1880000 154.6
1885000 159.6
1890000 155.1
1895000 158.4
1900000 157.0
1905000 152.3
1910000 159.2
1915000 155.5
1920000 159.9
1925000 160.6
1930000 160.8
1935000 157.9
1940000 163.1
1945000 158.2
1950000 159.0
1955000 156.2
1960000 159.4
1965000 156.9
1970000 157.9
1975000 160.3
1980000 145.4
1985000 146.6
1990000 163.2
1995000 164.5
2000000 164.1
