5000 0.5
10000 1.1
15000 0.8
20000 0.7
25000 0.7
30000 0.7
35000 0.8
40000 0.8
45000 0.8
50000 0.7
55000 0.7
60000 1.1
65000 1.2
70000 1.0
75000 0.8
80000 0.9
85000 1.3
90000 1.1
95000 1.0
100000 0.9
105000 0.6
110000 1.2
115000 0.7
120000 0.9
125000 0.7
130000 2.1
135000 0.7
140000 0.7
145000 0.8
150000 1.1
155000 1.3
160000 0.9
165000 0.8
170000 0.9
175000 1.1
180000 1.3
185000 1.0
190000 1.2
195000 0.9
200000 1.4
205000 0.9
210000 1.2
215000 1.0
220000 1.3
225000 0.8
230000 0.9
235000 1.0
240000 1.0
245000 1.1
250000 0.9
255000 2.2
260000 2.4
265000 23.2
270000 30.2
275000 42.5
280000 44.0
285000 48.0
290000 42.9
295000 34.2
300000 35.7
305000 60.3
310000 67.1
315000 51.8
320000 64.2
325000 56.3
330000 64.4
335000 63.6
340000 71.6
345000 71.5
350000 73.9
355000 70.9
360000 70.8
365000 77.5
370000 74.2
375000 79.0
380000 70.4
385000 56.4
390000 49.2
395000 66.3
400000 75.4
405000 80.7
410000 85.3
415000 9.8
420000 1.5
425000 1.2
430000 2.4
435000 16.3
440000 19.9
445000 43.3
450000 88.6
455000 89.5
460000 89.0
465000 94.4
470000 94.7
475000 95.4
480000 96.5
485000 97.2
490000 94.5
495000 98.5
500000 91.3
505000 98.6
510000 98.1
515000 96.1
520000 99.4
525000 80.1
530000 70.4
535000 12.4
540000 26.9
545000 104.4
550000 101.9
555000 109.2
560000 109.5
565000 106.2
570000 107.3
575000 112.2
580000 108.3
585000 107.5
590000 105.2
595000 110.7
600000 112.5
605000 108.1
610000 114.6
615000 113.2
620000 112.3
625000 111.0
630000 110.6
635000 113.6
640000 114.8
645000 116.3
650000 117.2
655000 120.5
660000 115.7
665000 117.5
670000 117.8
675000 117.7
680000 114.7
685000 119.8
690000 116.8
695000 123.3
700000 116.8
705000 119.2
710000 123.5
715000 115.8
720000 119.7
725000 119.1
730000 122.9
735000 121.2
740000 111.5
745000 122.1
750000 125.2
755000 127.6
760000 129.1
765000 128.9
770000 128.4
775000 128.4
780000 122.1
785000 130.0
790000 129.6
795000 128.4
800000 127.8
805000 133.1
810000 125.5
815000 129.0
820000 131.8
825000 126.4
830000 133.6
835000 132.1
840000 132.3
845000 133.1
850000 133.7
855000 131.1
860000 132.1
865000 119.6
870000 135.3
875000 132.9
880000 139.2
885000 140.9
890000 134.8
895000 135.5
900000 139.5
905000 132.6
910000 133.2
915000 139.0
920000 141.1
925000 142.6
930000 136.1
935000 134.7
940000 136.4
945000 142.5
950000 140.5
955000 146.3
960000 145.7
965000 141.3
970000 146.7
975000 146.4
980000 143.2
985000 150.9
990000 146.5
995000 143.2
1000000 147.1
1005000 99.6
1010000 100.0
1015000 94.6
1020000 85.9
1025000 92.5
1030000 90.7
1035000 94.1
1040000 83.8
1045000 98.9
1050000 100.2
1055000 99.4
1060000 104.0
1065000 99.5
1070000 104.5
1075000 109.5
1080000 112.2
1085000 108.9
1090000 103.9
1095000 107.6
1100000 110.8
1105000 115.8
1110000 114.3
1115000 116.8
1120000 124.5
1125000 129.0
1130000 125.4
1135000 126.9
1140000 132.8
1145000 124.6
1150000 129.0
1155000 115.1
1160000 121.2
1165000 137.2
1170000 141.8
1175000 126.7
1180000 148.3
1185000 161.1
1190000 159.7
1195000 147.3
1200000 156.4
1205000 157.9
1210000 162.9
1215000 141.7
1220000 165.7
1225000 168.3
1230000 171.8
1235000 164.6
1240000 167.8
1245000 162.7
1250000 171.0
1255000 181.3
1260000 168.8
1265000 187.4
1270000 161.4
1275000 167.5
1280000 164.7
1285000 168.7
1290000 183.0
1295000 178.2
1300000 156.8
1305000 179.6
1310000 185.6
1315000 184.1
1320000 178.0
1325000 168.0
1330000 0.6
1335000 1.0
1340000 11.4
1345000 10.3
1350000 31.1
1355000 55.9
1360000 134.8
1365000 164.9
1370000 180.1
1375000 189.5
1380000 190.2
1385000 197.9
1390000 191.8
1395000 199.5
1400000 192.6
1405000 203.2
1410000 198.0
1415000 198.6
1420000 145.3
1425000 1.2
1430000 1.4
1435000 1.3
1440000 9.0
1445000 18.9
1450000 82.2
1455000 165.3
1460000 156.1
1465000 191.3
1470000 207.3
1475000 208.2
1480000 200.9
1485000 212.5
1490000 192.3
1495000 200.3
1500000 196.5
1505000 202.0
1510000 198.0
1515000 197.7
1520000 195.9
1525000 183.0
1530000 210.0
1535000 195.0
1540000 210.7
1545000 196.5
1550000 194.8
1555000 200.5
1560000 205.8
1565000 188.1
1570000 194.2
1575000 212.8
1580000 185.7
1585000 209.2
1590000 207.6
1595000 203.2
1600000 211.8
1605000 201.2
1610000 216.2
1615000 218.6
1620000 206.7
1625000 202.3
1630000 206.1
1635000 206.6
1640000 198.7
1645000 197.2
1650000 195.1
1655000 213.8
1660000 212.7
1665000 226.9
1670000 219.0
1675000 228.5
1680000 223.3
1685000 204.4
1690000 211.5
1695000 219.4
1700000 211.2
1705000 197.7
1710000 215.2
1715000 212.4
1720000 220.8
1725000 208.7
1730000 224.3
1735000 225.8
1740000 219.3
1745000 221.7
1750000 209.5
1755000 193.8
1760000 225.1
1765000 191.1
1770000 216.7
1775000 205.6
1780000 229.0
1785000 214.2
1790000 235.8
1795000 205.1
1800000 212.0
1805000 229.8
1810000 218.7
1815000 222.8
1820000 228.2
1825000 217.5
1830000 219.3
1835000 222.2
1840000 200.4
1845000 213.9
1850000 222.4
1855000 211.9
1860000 156.4
1865000 202.0
1870000 212.2
1875000 222.2
1880000 213.4
1885000 224.3
1890000 219.2
1895000 228.6
1900000 225.5
1905000 228.5
1910000 218.9
1915000 229.7
1920000 239.7
1925000 223.5
1930000 233.0
1935000 229.1
1940000 219.4
1945000 238.4
1950000 224.1
1955000 215.4
1960000 229.9
1965000 232.4
1970000 235.7
1975000 222.7
1980000 231.4
1985000 223.1
1990000 219.7
1995000 241.7
2000000 238.8
