5000 0.9
10000 1.3
15000 0.8
20000 0.5
25000 0.8
30000 0.7
35000 1.1
40000 0.7
45000 0.7
50000 0.9
55000 0.9
60000 0.9
65000 0.9
70000 1.0
75000 0.9
80000 0.9
85000 0.7
90000 0.7
95000 0.9
100000 1.0
105000 0.7
110000 1.1
115000 1.2
120000 0.9
125000 1.0
130000 1.0
135000 1.0
140000 0.9
145000 1.4
150000 1.1
155000 1.1
160000 1.0
165000 0.9
170000 1.1
175000 1.2
180000 1.3
185000 1.3
190000 1.6
195000 1.1
200000 1.1
205000 1.5
210000 1.4
215000 1.3
220000 1.8
225000 2.5
230000 2.5
235000 5.5
240000 5.9
245000 18.6
250000 33.3
255000 18.7
260000 29.1
265000 37.4
270000 13.4
275000 36.0
280000 39.2
285000 17.2
290000 53.0
295000 33.7
300000 51.5
305000 34.2
310000 37.0
315000 45.2
320000 8.6
325000 29.3
330000 10.8
335000 21.1
340000 19.7
345000 67.7
350000 72.1
355000 71.7
360000 69.3
365000 76.8
370000 78.7
375000 68.8
380000 60.1
385000 83.3
390000 84.2
395000 74.8
400000 82.0
405000 79.7
410000 76.7
415000 70.0
420000 11.0
425000 0.8
430000 0.9
435000 1.4
440000 19.9
445000 71.2
450000 71.9
455000 94.7
460000 96.5
465000 98.4
470000 101.4
475000 70.4
480000 55.7
485000 11.5
490000 21.7
495000 98.6
500000 108.9
505000 104.9
510000 103.2
515000 107.0
520000 103.0
525000 97.6
530000 107.5
535000 98.0
540000 109.0
545000 104.4
550000 109.3
555000 113.8
560000 107.9
565000 106.2
570000 108.9
575000 109.9
580000 107.9
585000 111.3
590000 113.3
595000 97.6
600000 66.4
605000 89.4
610000 111.3
615000 110.9
620000 112.9
625000 115.1
630000 111.3
635000 112.4
640000 114.8
645000 114.7
650000 115.1
655000 114.0
660000 116.2
665000 101.0
670000 74.8
675000 22.9
680000 5.5
685000 1.3
690000 5.8
695000 85.4
700000 110.9
705000 116.7
710000 112.8
715000 117.0
720000 117.8
725000 118.1
730000 119.9
735000 117.5
740000 118.3
745000 120.6
750000 121.4
755000 117.8
760000 120.3
765000 120.9
770000 118.1
775000 121.1
780000 123.0
785000 122.5
790000 120.6
795000 121.3
800000 119.6
805000 121.0
810000 126.1
815000 110.2
820000 121.2
825000 124.3
830000 129.5
835000 122.8
840000 123.2
845000 123.5
850000 123.2
855000 122.3
860000 123.1
865000 124.9
870000 125.4
875000 125.8
880000 125.2
885000 124.0
890000 100.3
895000 113.0
900000 124.3
905000 126.9
910000 126.5
915000 125.2
920000 125.6
925000 127.9
930000 124.6
935000 125.7
940000 124.1
945000 127.9
950000 130.2
955000 128.4
960000 128.9
965000 129.5
970000 130.5
975000 127.5
980000 128.9
985000 124.6
990000 126.9
995000 129.0
1000000 127.6
1005000 98.4
1010000 79.2
1015000 97.7
1020000 91.6
1025000 91.1
1030000 80.6
1035000 86.3
1040000 79.9
1045000 45.4
1050000 26.4
1055000 1.1
1060000 0.7
1065000 10.6
1070000 56.4
1075000 68.8
1080000 76.2
1085000 71.6
1090000 1.0
1095000 1.0
1100000 8.4
1105000 58.0
1110000 78.5
1115000 1.7
1120000 4.5
1125000 3.4
1130000 25.0
1135000 77.8
1140000 46.7
1145000 1.0
1150000 1.1
1155000 1.2
1160000 2.0
1165000 22.9
1170000 55.2
1175000 86.0
1180000 81.8
1185000 56.9
1190000 76.9
1195000 3.6
1200000 62.8
1205000 62.5
1210000 61.8
1215000 71.7
1220000 99.7
1225000 105.6
1230000 5.1
1235000 88.0
1240000 102.6
1245000 112.0
1250000 113.2
1255000 105.0
1260000 92.3
1265000 1.2
1270000 113.4
1275000 116.3
1280000 120.0
1285000 118.8
1290000 122.0
1295000 117.4
1300000 0.9
1305000 1.0
1310000 0.7
1315000 4.8
1320000 14.4
1325000 30.9
1330000 106.6
1335000 116.4
1340000 119.1
1345000 113.6
1350000 98.9
1355000 89.5
1360000 87.9
1365000 124.9
1370000 127.8
1375000 124.5
1380000 128.2
1385000 129.1
1390000 127.4
1395000 126.4
1400000 126.1
1405000 129.8
1410000 131.5
1415000 131.5
1420000 129.5
1425000 127.3
1430000 127.1
1435000 130.2
1440000 130.4
1445000 131.9
1450000 129.0
1455000 133.4
1460000 129.6
1465000 132.5
1470000 133.0
1475000 133.4
1480000 132.9
1485000 133.6
1490000 132.6
1495000 14.5
1500000 1.5
1505000 109.7
1510000 130.7
1515000 133.2
1520000 132.1
1525000 136.3
1530000 133.7
1535000 138.3
1540000 133.1
1545000 137.0
1550000 133.4
1555000 141.6
1560000 137.1
1565000 139.6
1570000 140.3
1575000 139.2
1580000 138.8
1585000 139.3
1590000 132.6
1595000 136.9
1600000 136.9
1605000 136.4
1610000 139.2
1615000 137.3
1620000 139.5
1625000 137.9
1630000 138.3
1635000 140.7
1640000 118.2
1645000 94.0
1650000 62.3
1655000 109.5
1660000 135.4
1665000 144.9
1670000 144.2
1675000 148.0
1680000 145.2
1685000 147.0
1690000 144.7
1695000 145.8
1700000 146.6
1705000 147.0
1710000 141.4
1715000 141.7
1720000 145.9
1725000 150.9
1730000 150.6
1735000 157.4
1740000 137.8
1745000 148.8
1750000 155.6
1755000 155.1
1760000 152.5
1765000 152.7
1770000 147.3
1775000 159.1
1780000 150.7
1785000 154.3
1790000 154.4
1795000 154.4
1800000 1.6
1805000 1.1
1810000 59.5
1815000 129.6
1820000 154.6
1825000 156.2
1830000 161.3
1835000 160.3
1840000 161.9
1845000 150.3
1850000 156.7
1855000 143.4
1860000 147.1
1865000 142.7
1870000 156.1
1875000 143.3
1880000 152.9
1885000 163.7
1890000 144.7
1895000 154.4
1900000 159.5
1905000 158.9
1910000 163.3
1915000 155.1
1920000 147.1
1925000 145.1
1930000 163.9
1935000 160.4
1940000 159.9
1945000 161.7
1950000 65.4
1955000 161.3
1960000 159.3
1965000 165.4
1970000 167.9
1975000 157.9
1980000 161.5
1985000 164.6
1990000 160.7
1995000 160.1
2000000 161.6
