5000 0.9
10000 0.7
15000 1.1
20000 0.6
25000 0.7
30000 0.9
35000 0.8
40000 0.8
45000 0.9
50000 0.5
55000 0.9
60000 0.8
65000 0.9
70000 0.6
75000 0.9
80000 0.6
85000 0.7
90000 1.0
95000 0.8
100000 0.9
105000 0.9
110000 0.9
115000 0.9
120000 1.0
125000 1.0
130000 1.0
135000 1.2
140000 1.0
145000 1.0
150000 1.4
155000 1.3
160000 1.5
165000 1.2
170000 1.6
175000 3.0
180000 1.8
185000 2.4
190000 2.3
195000 9.8
200000 4.1
205000 3.9
210000 20.5
215000 16.2
220000 24.2
225000 16.5
230000 19.0
235000 38.1
240000 32.1
245000 7.8
250000 3.3
255000 6.5
260000 24.8
265000 28.0
270000 14.8
275000 22.8
280000 51.6
285000 40.6
290000 48.7
295000 51.5
300000 52.2
305000 50.5
310000 54.4
315000 55.1
320000 53.6
325000 52.6
330000 56.0
335000 46.4
340000 57.4
345000 51.7
350000 64.4
355000 64.6
360000 64.7
365000 64.2
370000 71.8
375000 70.0
380000 71.2
385000 73.0
390000 79.4
395000 73.6
400000 82.9
405000 78.0
410000 73.8
415000 86.2
420000 58.8
425000 32.0
430000 24.4
435000 82.8
440000 89.6
445000 80.5
450000 88.0
455000 92.5
460000 90.6
465000 82.5
470000 97.1
475000 98.6
480000 101.4
485000 95.1
490000 98.0
495000 92.4
500000 91.1
505000 100.8
510000 95.4
515000 99.9
520000 97.4
525000 94.2
530000 96.6
535000 91.1
540000 100.8
545000 109.4
550000 101.8
555000 105.7
560000 107.8
565000 106.2
570000 103.4
575000 105.6
580000 109.8
585000 116.3
590000 114.3
595000 117.8
600000 112.7
605000 111.9
610000 100.5
615000 121.9
620000 115.9
625000 124.0
630000 117.1
635000 119.5
640000 122.7
645000 116.5
650000 120.5
655000 118.1
660000 122.3
665000 127.3
670000 122.8
675000 126.3
680000 122.3
685000 10.3
690000 1.4
695000 3.5
700000 9.8
705000 114.2
710000 125.5
715000 130.3
720000 129.8
725000 129.0
730000 123.9
735000 121.6
740000 130.7
745000 129.8
750000 125.6
755000 124.1
760000 130.9
765000 133.3
770000 133.8
775000 135.4
780000 133.8
785000 133.3
790000 125.9
795000 138.0
800000 133.7
805000 135.2
810000 138.2
815000 134.0
820000 125.3
825000 132.6
830000 131.7
835000 131.6
840000 134.1
845000 133.8
850000 135.0
855000 133.1
860000 134.1
865000 139.6
870000 141.2
875000 139.1
880000 140.2
885000 140.7
890000 141.3
895000 140.8
900000 137.5
905000 141.1
910000 133.8
915000 142.0
920000 140.3
925000 138.0
930000 141.0
935000 146.2
940000 142.1
945000 144.6
950000 137.5
955000 141.5
960000 144.4
965000 144.0
970000 143.6
975000 147.5
980000 151.8
985000 150.0
990000 143.7
995000 145.2
1000000 150.4
1005000 89.5
1010000 77.1
1015000 84.4
1020000 89.2
1025000 92.4
1030000 69.5
1035000 71.3
1040000 92.8
1045000 93.4
1050000 71.7
1055000 55.8
1060000 106.0
1065000 88.0
1070000 102.3
1075000 77.1
1080000 105.4
1085000 108.5
1090000 112.9
1095000 114.4
1100000 101.5
1105000 109.6
1110000 117.7
1115000 113.1
1120000 118.2
1125000 113.8
1130000 113.2
1135000 115.6
1140000 117.5
1145000 118.9
1150000 122.3
1155000 119.7
1160000 123.6
1165000 127.3
1170000 126.9
1175000 127.8
1180000 124.6
1185000 132.3
1190000 126.2
1195000 137.6
1200000 132.0
1205000 116.0
1210000 134.8
1215000 140.0
1220000 138.8
1225000 133.2
1230000 143.7
1235000 139.9
1240000 134.0
1245000 109.2
1250000 126.8
1255000 139.1
1260000 139.5
1265000 145.1
1270000 145.8
1275000 145.2
1280000 132.9
1285000 150.4
1290000 142.9
1295000 129.0
1300000 103.6
1305000 78.2
1310000 84.1
1315000 115.6
1320000 151.2
1325000 148.8
1330000 153.4
1335000 143.4
1340000 150.9
1345000 154.1
1350000 147.3
1355000 153.1
1360000 143.3
1365000 148.5
1370000 150.1
1375000 155.3
1380000 164.4
1385000 155.5
1390000 158.9
1395000 152.7
1400000 158.2
1405000 153.6
1410000 152.6
1415000 160.1
1420000 151.5
1425000 153.9
1430000 161.6
1435000 159.9
1440000 162.8
1445000 156.6
1450000 157.5
1455000 155.6
1460000 161.6
1465000 155.0
1470000 146.3
1475000 159.7
1480000 159.5
1485000 159.8
1490000 162.1
1495000 153.5
1500000 156.9
1505000 156.0
1510000 163.1
1515000 164.5
1520000 154.5
1525000 158.3
1530000 164.9
1535000 157.1
1540000 162.0
1545000 168.2
1550000 166.8
1555000 168.4
1560000 164.6
1565000 149.2
1570000 162.3
1575000 167.8
1580000 167.9
1585000 168.1
1590000 170.9
1595000 166.5
1600000 167.2
1605000 165.0
1610000 165.1
1615000 162.1
1620000 166.5
1625000 168.5
1630000 172.0
1635000 170.6
1640000 169.1
1645000 166.1
1650000 172.9
1655000 170.1
1660000 173.4
1665000 167.1
1670000 171.3
1675000 169.1
1680000 165.4
1685000 164.9
1690000 170.8
1695000 165.7
1700000 174.6
1705000 169.2
1710000 169.1
1715000 168.2
1720000 165.7
1725000 169.4
1730000 172.0
1735000 171.8
1740000 170.7
1745000 172.5
1750000 172.7
1755000 169.2
1760000 163.1
1765000 173.7
1770000 165.5
1775000 170.3
1780000 169.0
1785000 170.8
1790000 169.4
1795000 174.5
1800000 170.6
1805000 167.4
1810000 167.1
1815000 174.3
1820000 171.8
1825000 170.3
1830000 172.2
1835000 172.0
1840000 176.9
1845000 175.0
1850000 169.0
1855000 172.8
1860000 170.6
1865000 165.5
1870000 174.3
1875000 172.9
1880000 171.6
1885000 177.6
1890000 171.8
1895000 173.8
1900000 167.2
1905000 171.7
1910000 173.2
1915000 175.7
1920000 171.6
1925000 171.6
1930000 178.1
1935000 170.6
1940000 172.8
1945000 175.5
1950000 173.3
1955000 165.1
1960000 176.8
1965000 172.2
1970000 175.3
1975000 174.3
1980000 180.2
1985000 171.2
1990000 169.3
1995000 176.0
2000000 178.4
