5000 1.1
10000 0.7
15000 0.6
20000 1.2
25000 1.0
30000 0.4
35000 1.1
40000 0.9
45000 0.8
50000 0.9
55000 1.0
60000 0.7
65000 1.2
70000 0.9
75000 0.8
80000 0.9
85000 0.6
90000 1.5
95000 1.0
100000 1.0
105000 0.9
110000 1.1
115000 1.3
120000 1.1
125000 1.1
130000 1.0
135000 1.2
140000 1.1
145000 2.4
150000 1.2
155000 1.3
160000 2.5
165000 1.2
170000 2.2
175000 2.2
180000 2.9
185000 2.1
190000 1.5
195000 1.8
200000 1.4
205000 8.2
210000 1.3
215000 1.2
220000 3.6
225000 2.4
230000 4.6
235000 4.1
240000 4.9
245000 3.5
250000 6.1
255000 3.6
260000 11.6
265000 5.4
270000 21.3
275000 22.2
280000 27.6
285000 31.0
290000 26.3
295000 30.6
300000 28.4
305000 37.3
310000 29.0
315000 41.8
320000 19.3
325000 46.5
330000 52.6
335000 45.5
340000 46.7
345000 45.6
350000 51.2
355000 40.2
360000 44.9
365000 11.0
370000 23.2
375000 56.3
380000 68.7
385000 65.9
390000 62.4
395000 65.4
400000 70.6
405000 56.2
410000 81.0
415000 67.7
420000 65.1
425000 65.3
430000 77.7
435000 68.4
440000 71.1
445000 68.6
450000 68.2
455000 68.9
460000 71.4
465000 63.3
470000 88.6
475000 87.5
480000 88.2
485000 89.4
490000 86.0
495000 84.7
500000 87.3
505000 94.8
510000 90.9
515000 98.9
520000 94.8
525000 102.4
530000 95.1
535000 76.7
540000 1.5
545000 1.3
550000 1.2
555000 18.5
560000 91.3
565000 96.3
570000 96.2
575000 96.2
580000 107.8
585000 101.5
590000 109.6
595000 108.2
600000 111.5
605000 105.5
610000 112.9
615000 112.5
620000 112.0
625000 110.6
630000 113.3
635000 113.7
640000 114.9
645000 113.2
650000 108.9
655000 116.5
660000 115.8
665000 109.1
670000 117.2
675000 116.0
680000 116.1
685000 117.1
690000 119.5
695000 114.4
700000 119.5
705000 117.1
710000 81.3
715000 117.0
720000 92.4
725000 57.0
730000 100.5
735000 117.8
740000 118.4
745000 124.8
750000 124.4
755000 121.5
760000 126.9
765000 122.8
770000 121.9
775000 121.1
780000 121.1
785000 123.5
790000 125.2
795000 125.1
800000 121.9
805000 127.3
810000 126.1
815000 125.3
820000 127.7
825000 126.5
830000 128.2
835000 127.3
840000 128.7
845000 126.0
850000 128.2
855000 126.0
860000 129.0
865000 129.3
870000 131.5
875000 130.0
880000 128.1
885000 129.1
890000 127.7
895000 131.3
900000 131.5
905000 133.3
910000 131.6
915000 129.7
920000 131.9
925000 131.2
930000 128.8
935000 130.5
940000 130.6
945000 131.9
950000 130.2
955000 133.0
960000 133.7
965000 133.3
970000 135.1
975000 133.5
980000 137.3
985000 133.5
990000 135.0
995000 133.1
1000000 39.7
1005000 46.5
1010000 75.7
1015000 95.8
1020000 82.4
1025000 94.6
1030000 32.6
1035000 60.0
1040000 64.4
1045000 98.5
1050000 92.7
1055000 82.2
1060000 89.5
1065000 100.3
1070000 97.7
1075000 88.2
1080000 80.8
1085000 96.8
1090000 97.7
1095000 102.8
1100000 105.6
1105000 106.5
1110000 106.8
1115000 110.3
1120000 99.3
1125000 113.2
1130000 111.1
1135000 99.5
1140000 108.0
1145000 103.0
1150000 108.9
1155000 112.6
1160000 109.8
1165000 109.3
1170000 115.6
1175000 112.7
1180000 117.2
1185000 119.2
1190000 111.3
1195000 114.1
1200000 114.3
1205000 117.3
1210000 115.3
1215000 103.4
1220000 108.0
1225000 126.0
1230000 126.4
1235000 125.4
1240000 130.2
1245000 125.4
1250000 131.1
1255000 127.1
1260000 129.5
1265000 129.0
1270000 130.9
1275000 131.5
1280000 131.4
1285000 129.4
1290000 131.1
1295000 135.3
1300000 128.0
1305000 137.1
1310000 126.8
1315000 125.1
1320000 140.2
1325000 133.9
1330000 133.6
1335000 140.3
1340000 123.3
1345000 135.6
1350000 140.4
1355000 139.5
1360000 134.0
1365000 135.1
1370000 138.7
1375000 137.4
1380000 126.7
1385000 139.4
1390000 137.6
1395000 141.0
1400000 141.4
1405000 141.9
1410000 144.9
1415000 133.5
1420000 140.2
1425000 142.8
1430000 130.8
1435000 142.6
1440000 141.7
1445000 140.3
1450000 144.8
1455000 141.8
1460000 144.9
1465000 146.2
1470000 130.2
1475000 146.4
1480000 146.7
1485000 142.0
1490000 142.6
1495000 147.2
1500000 140.7
1505000 144.1
1510000 147.2
1515000 146.5
1520000 145.8
1525000 132.5
1530000 139.6
1535000 73.5
1540000 143.3
1545000 137.6
1550000 139.2
1555000 145.0
1560000 145.3
1565000 149.9
1570000 148.4
1575000 148.3
1580000 147.4
1585000 148.9
1590000 147.2
1595000 148.6
1600000 147.9
1605000 152.0
1610000 147.8
1615000 130.3
1620000 151.6
1625000 151.3
1630000 155.7
1635000 151.1
1640000 151.5
1645000 153.8
1650000 146.5
1655000 150.1
1660000 151.3
1665000 154.5
1670000 147.1
1675000 152.3
1680000 149.3
1685000 150.7
1690000 150.9
1695000 154.3
1700000 151.7
1705000 149.6
1710000 153.7
1715000 153.9
1720000 154.7
1725000 153.1
1730000 154.8
1735000 153.8
1740000 154.0
1745000 158.0
1750000 154.8
1755000 153.8
1760000 154.2
1765000 153.2
1770000 148.8
1775000 148.7
1780000 154.3
1785000 152.5
1790000 153.4
1795000 155.3
1800000 153.2
1805000 152.8
1810000 153.7
1815000 150.1
1820000 156.8
1825000 151.5
1830000 157.0
1835000 153.4
1840000 156.8
1845000 160.4
1850000 157.2
1855000 155.4
1860000 155.2
1865000 158.7
1870000 157.9
1875000 157.6
1880000 156.5
1885000 158.8
1890000 145.6
1895000 157.8
1900000 157.0
1905000 160.2
1910000 140.5
1915000 156.5
1920000 160.0
1925000 153.0
1930000 158.7
1935000 158.9
1940000 157.6
1945000 157.1
1950000 154.7
1955000 158.7
1960000 158.3
1965000 159.4
1970000 160.1
1975000 159.7
1980000 160.0
1985000 161.3
1990000 158.9
1995000 153.0
2000000 164.4
