5000 0.7
10000 0.7
15000 0.8
20000 1.0
25000 0.8
30000 0.7
35000 1.1
40000 0.7
45000 0.8
50000 0.5
55000 0.7
60000 0.8
65000 0.8
70000 1.0
75000 1.0
80000 0.8
85000 0.8
90000 1.0
95000 0.7
100000 0.9
105000 0.7
110000 1.2
115000 0.9
120000 1.1
125000 0.9
130000 0.9
135000 1.1
140000 1.0
145000 2.7
150000 2.0
155000 1.5
160000 1.5
165000 4.4
170000 2.0
175000 3.5
180000 3.3
185000 1.9
190000 2.3
195000 7.2
200000 13.8
205000 5.5
210000 9.3
215000 20.7
220000 21.0
225000 55.3
230000 10.4
235000 33.3
240000 11.2
245000 52.3
250000 59.4
255000 60.7
260000 56.9
265000 67.9
270000 63.4
275000 56.3
280000 35.9
285000 37.7
290000 2.7
295000 7.6
300000 68.2
305000 71.8
310000 80.2
315000 75.3
320000 67.4
325000 84.6
330000 84.6
335000 80.2
340000 82.6
345000 77.4
350000 76.5
355000 83.0
360000 91.7
365000 95.3
370000 98.8
375000 94.6
380000 98.3
385000 94.1
390000 61.2
395000 17.8
400000 7.4
405000 65.5
410000 98.2
415000 105.8
420000 103.7
425000 107.5
430000 111.8
435000 108.7
440000 112.4
445000 110.4
450000 113.0
455000 107.7
460000 112.8
465000 112.2
470000 112.2
475000 114.4
480000 113.0
485000 109.2
490000 100.2
495000 111.8
500000 113.0
505000 111.2
510000 112.5
515000 114.3
520000 5.4
525000 1.3
530000 11.8
535000 113.1
540000 112.4
545000 111.3
550000 116.2
555000 119.2
560000 120.2
565000 120.1
570000 113.0
575000 123.6
580000 121.6
585000 126.5
590000 124.0
595000 123.9
600000 124.2
605000 122.9
610000 124.8
615000 126.6
620000 126.7
625000 126.5
630000 127.1
635000 130.1
640000 126.8
645000 128.8
650000 130.2
655000 130.0
660000 130.3
665000 131.3
670000 131.5
675000 130.1
680000 133.7
685000 134.3
690000 130.7
695000 132.9
700000 134.4
705000 129.8
710000 133.4
715000 130.5
720000 134.8
725000 134.2
730000 132.8
735000 133.5
740000 138.2
745000 138.4
750000 131.4
755000 135.0
760000 136.3
765000 131.4
770000 134.5
775000 135.2
780000 137.9
785000 138.3
790000 138.9
795000 139.3
800000 139.8
805000 141.8
810000 140.9
815000 139.3
820000 137.8
825000 127.6
830000 140.5
835000 141.4
840000 139.5
845000 142.7
850000 135.6
855000 17.3
860000 140.0
865000 140.2
870000 141.9
875000 144.4
880000 143.4
885000 141.9
890000 143.3
895000 145.1
900000 142.1
905000 143.0
910000 144.7
915000 145.4
920000 144.5
925000 144.6
930000 143.4
935000 147.4
940000 144.2
945000 145.0
950000 146.1
955000 145.6
960000 146.6
965000 133.6
970000 147.8
975000 149.5
980000 150.9
985000 145.9
990000 147.7
995000 148.0
1000000 144.6
1005000 128.0
1010000 130.4
1015000 122.4
1020000 130.5
1025000 127.6
1030000 131.2
1035000 129.8
1040000 125.9
1045000 117.4
1050000 126.7
1055000 124.8
1060000 119.8
1065000 133.4
1070000 134.4
1075000 136.0
1080000 134.8
1085000 133.1
1090000 137.6
1095000 139.8
1100000 136.7
1105000 141.9
1110000 141.2
1115000 143.9
1120000 142.9
1125000 143.7
1130000 139.1
1135000 144.6
1140000 144.3
1145000 145.7
1150000 143.9
1155000 145.2
1160000 147.4
1165000 148.7
1170000 141.5
1175000 139.9
1180000 143.8
1185000 148.4
1190000 141.3
1195000 145.7
1200000 149.0
1205000 147.2
1210000 147.9
1215000 146.7
1220000 2.6
1225000 2.8
1230000 52.1
1235000 116.4
1240000 139.7
1245000 147.3
1250000 147.6
1255000 150.0
1260000 147.4
1265000 157.3
1270000 153.3
1275000 149.4
1280000 153.9
1285000 157.0
1290000 147.7
1295000 152.6
1300000 154.8
1305000 154.4
1310000 156.3
1315000 155.3
1320000 155.8
1325000 155.0
1330000 156.6
1335000 157.5
1340000 156.8
1345000 157.1
1350000 156.8
1355000 160.4
1360000 157.0
1365000 160.6
1370000 156.7
1375000 160.4
1380000 156.7
1385000 162.3
1390000 159.1
1395000 163.5
1400000 160.8
1405000 158.6
1410000 158.6
1415000 161.2
1420000 160.0
1425000 159.6
1430000 158.3
1435000 159.1
1440000 161.2
1445000 165.1
1450000 160.9
1455000 163.3
1460000 163.6
1465000 163.3
1470000 163.4
1475000 157.6
1480000 161.0
1485000 162.7
1490000 161.2
1495000 161.8
1500000 158.8
1505000 163.2
1510000 162.9
1515000 165.2
1520000 164.1
1525000 165.3
1530000 164.6
1535000 161.6
1540000 166.6
1545000 164.0
1550000 164.9
1555000 164.6
1560000 162.2
1565000 162.7
1570000 164.4
1575000 163.6
1580000 165.6
1585000 169.5
1590000 162.1
1595000 162.4
1600000 167.7
1605000 167.2
1610000 165.5
1615000 165.3
1620000 163.5
1625000 166.0
1630000 167.1
1635000 169.3
1640000 164.5
1645000 167.7
1650000 166.6
1655000 170.0
1660000 163.7
1665000 168.6
1670000 164.8
1675000 169.6
1680000 166.6
1685000 165.1
1690000 166.6
1695000 164.7
1700000 169.1
1705000 168.2
1710000 165.6
1715000 170.8
1720000 167.7
1725000 166.8
1730000 171.9
1735000 170.5
1740000 172.3
1745000 166.9
1750000 169.8
1755000 172.3
1760000 167.0
1765000 169.0
1770000 170.1
1775000 172.0
1780000 170.1
1785000 167.6
1790000 173.2
1795000 171.7
1800000 173.3
1805000 172.3
1810000 171.8
1815000 169.9
1820000 171.9
1825000 173.0
1830000 170.8
1835000 172.7
1840000 171.0
1845000 172.1
1850000 170.8
1855000 170.1
1860000 174.5
1865000 172.8
1870000 174.3
1875000 171.2
1880000 173.3
1885000 171.2
1890000 173.9
1895000 174.2
1900000 169.5
1905000 172.7
1910000 176.2
1915000 174.2
1920000 172.2
1925000 176.3
1930000 176.6
1935000 174.7
1940000 173.3
1945000 172.8
1950000 171.2
1955000 175.6
1960000 168.9
1965000 176.2
1970000 174.4
1975000 174.9
1980000 174.7
1985000 173.0
1990000 178.5
1995000 174.0
2000000 179.0
