5000 0.4
10000 0.7
15000 0.6
20000 0.7
25000 0.8
30000 0.4
35000 0.9
40000 0.7
45000 0.6
50000 0.6
55000 0.6
60000 0.5
65000 0.9
70000 0.7
75000 0.8
80000 1.2
85000 0.9
90000 0.9
95000 1.2
100000 0.9
105000 1.1
110000 0.8
115000 1.0
120000 1.4
125000 1.1
130000 1.2
135000 1.0
140000 1.3
145000 1.2
150000 1.4
155000 1.3
160000 1.2
165000 1.1
170000 1.7
175000 1.9
180000 1.3
185000 1.5
190000 5.6
195000 1.5
200000 1.0
205000 1.5
210000 1.2
215000 4.1
220000 1.3
225000 0.9
230000 1.7
235000 3.5
240000 1.0
245000 0.8
250000 9.9
255000 2.1
260000 1.0
265000 1.1
270000 8.1
275000 8.9
280000 15.4
285000 28.1
290000 10.3
295000 37.6
300000 35.9
305000 32.1
310000 20.9
315000 1.0
320000 0.8
325000 37.7
330000 39.5
335000 57.0
340000 51.8
345000 57.7
350000 66.3
355000 67.2
360000 63.7
365000 71.1
370000 73.1
375000 77.1
380000 78.8
385000 83.4
390000 85.6
395000 88.7
400000 89.2
405000 90.2
410000 91.7
415000 87.9
420000 87.4
425000 88.6
430000 50.1
435000 47.2
440000 38.8
445000 90.4
450000 88.7
455000 94.5
460000 96.3
465000 95.9
470000 94.5
475000 98.3
480000 98.9
485000 98.4
490000 99.6
495000 98.3
500000 100.5
505000 96.0
510000 102.3
515000 101.3
520000 104.0
525000 101.2
530000 101.4
535000 100.3
540000 103.5
545000 102.2
550000 101.4
555000 103.5
560000 99.5
565000 102.3
570000 102.5
575000 103.9
580000 105.9
585000 102.7
590000 104.3
595000 105.0
600000 102.3
605000 101.8
610000 12.4
615000 12.8
620000 24.1
625000 103.5
630000 105.7
635000 105.6
640000 107.6
645000 112.3
650000 110.6
655000 111.7
660000 113.3
665000 109.6
670000 111.5
675000 112.4
680000 111.5
685000 110.5
690000 112.0
695000 109.8
700000 109.5
705000 55.6
710000 14.0
715000 41.7
720000 109.6
725000 116.4
730000 110.6
735000 114.5
740000 116.4
745000 115.8
750000 114.7
755000 112.7
760000 112.2
765000 118.2
770000 115.7
775000 113.7
780000 115.0
785000 121.5
790000 119.2
795000 123.2
800000 108.9
805000 125.2
810000 128.9
815000 133.7
820000 135.6
825000 132.3
830000 140.3
835000 138.4
840000 135.3
845000 129.2
850000 136.1
855000 135.5
860000 133.6
865000 139.3
870000 128.6
875000 139.1
880000 137.9
885000 141.7
890000 142.7
895000 147.3
900000 143.5
905000 143.2
910000 141.8
915000 146.9
920000 136.9
925000 138.8
930000 145.6
935000 147.2
940000 148.1
945000 139.3
950000 140.1
955000 145.1
960000 141.8
965000 144.5
970000 142.8
975000 144.6
980000 140.3
985000 141.2
990000 142.1
995000 140.1
1000000 145.2
1005000 142.2
1010000 112.7
1015000 117.1
1020000 123.3
1025000 121.3
1030000 123.8
1035000 128.3
1040000 142.4
1045000 142.5
1050000 138.3
1055000 149.0
1060000 147.5
1065000 123.6
1070000 142.7
1075000 130.4
1080000 151.6
1085000 147.1
1090000 129.7
1095000 131.0
1100000 149.9
1105000 156.5
1110000 156.5
1115000 158.8
1120000 138.9
1125000 152.8
1130000 160.0
1135000 158.0
1140000 143.6
1145000 156.9
1150000 161.8
1155000 146.2
1160000 151.8
1165000 157.2
1170000 153.3
1175000 156.0
1180000 156.4
1185000 161.2
1190000 164.3
1195000 152.5
1200000 159.5
1205000 135.0
1210000 159.3
1215000 166.9
1220000 157.5
1225000 157.9
1230000 163.8
1235000 142.6
1240000 152.3
1245000 157.5
1250000 162.8
1255000 166.4
1260000 165.6
1265000 168.3
1270000 162.4
1275000 169.3
1280000 160.0
1285000 152.3
1290000 157.0
1295000 152.8
1300000 161.1
1305000 170.1
1310000 162.5
1315000 162.6
1320000 160.8
1325000 163.3
1330000 163.5
1335000 165.3
1340000 161.8
1345000 162.3
1350000 165.2
1355000 161.6
1360000 164.8
1365000 160.2
1370000 162.8
1375000 161.9
1380000 169.2
1385000 168.3
1390000 168.7
1395000 166.5
1400000 164.1
1405000 165.6
1410000 160.4
1415000 162.7
1420000 168.0
1425000 162.5
1430000 168.2
1435000 160.2
1440000 167.5
1445000 164.5
1450000 157.6
1455000 166.9
1460000 163.6
1465000 164.0
1470000 170.7
1475000 167.7
1480000 163.5
1485000 167.4
1490000 166.2
1495000 171.8
1500000 171.3
1505000 172.6
1510000 173.9
1515000 170.2
1520000 171.8
1525000 168.8
1530000 169.7
1535000 161.0
1540000 167.8
1545000 170.5
1550000 166.2
1555000 174.5
1560000 171.5
1565000 174.4
1570000 173.4
1575000 169.2
1580000 173.4
1585000 169.1
1590000 166.9
1595000 165.4
1600000 169.1
1605000 168.4
1610000 168.3
1615000 166.0
1620000 172.3
1625000 169.7
1630000 171.2
1635000 165.9
1640000 162.4
1645000 164.1
1650000 165.6
1655000 174.3
1660000 166.0
1665000 172.9
1670000 171.6
1675000 171.9
1680000 172.5
1685000 174.8
1690000 168.1
1695000 173.9
1700000 164.0
1705000 160.9
1710000 168.5
1715000 169.1
1720000 166.5
1725000 170.8
1730000 168.2
1735000 167.1
1740000 170.8
1745000 171.7
1750000 167.3
1755000 167.1
1760000 171.6
1765000 168.5
1770000 168.6
1775000 174.9
1780000 166.2
1785000 173.1
1790000 163.2
1795000 169.4
1800000 162.0
1805000 169.6
1810000 164.3
1815000 170.3
1820000 161.1
1825000 167.5
1830000 169.9
1835000 170.5
1840000 159.0
1845000 176.1
1850000 170.3
1855000 158.8
1860000 165.9
1865000 164.7
1870000 165.8
1875000 164.3
1880000 166.7
1885000 169.6
1890000 166.0
1895000 165.5
1900000 162.3
1905000 167.5
1910000 166.7
1915000 167.5
1920000 163.9
1925000 173.5
1930000 165.9
1935000 171.2
1940000 169.5
1945000 169.8
1950000 172.0
1955000 164.5
1960000 164.2
1965000 163.9
1970000 174.5
1975000 176.2
1980000 169.3
1985000 170.4
1990000 173.5
1995000 153.1
2000000 173.2
