5000 1.1
10000 0.8
15000 0.8
20000 0.9
25000 1.0
30000 0.7
35000 0.8
40000 0.7
45000 0.8
50000 0.9
55000 0.8
60000 0.8
65000 1.1
70000 1.0
75000 0.8
80000 0.9
85000 0.8
90000 0.8
95000 1.0
100000 0.7
105000 0.9
110000 1.1
115000 0.9
120000 1.1
125000 1.2
130000 1.3
135000 0.8
140000 1.0
145000 1.1
150000 1.3
155000 1.2
160000 1.5
165000 1.1
170000 1.2
175000 1.3
180000 0.9
185000 1.2
190000 1.2
195000 1.6
200000 1.1
205000 1.1
210000 1.5
215000 1.0
220000 1.1
225000 1.2
230000 1.2
235000 1.3
240000 1.2
245000 1.1
250000 1.2
255000 1.3
260000 1.2
265000 1.2
270000 1.1
275000 1.2
280000 1.6
285000 1.4
290000 1.3
295000 1.2
300000 1.5
305000 1.2
310000 1.1
315000 1.2
320000 1.4
325000 1.2
330000 1.2
335000 1.4
340000 1.3
345000 1.3
350000 1.3
355000 1.5
360000 1.4
365000 1.5
370000 1.3
375000 1.4
380000 1.1
385000 1.3
390000 1.3
395000 1.6
400000 1.6
405000 1.3
410000 1.6
415000 1.3
420000 1.5
425000 1.1
430000 1.3
435000 1.3
440000 1.3
445000 2.0
450000 1.2
455000 1.3
460000 1.4
465000 1.5
470000 1.4
475000 1.1
480000 1.4
485000 1.4
490000 1.7
495000 1.3
500000 2.4
505000 1.2
510000 1.5
515000 1.5
520000 1.3
525000 2.5
530000 1.5
535000 2.0
540000 1.3
545000 1.4
550000 1.6
555000 1.4
560000 3.0
565000 2.0
570000 1.5
575000 5.6
580000 12.6
585000 7.3
590000 17.4
595000 19.7
600000 26.1
605000 23.9
610000 30.7
615000 33.8
620000 37.5
625000 38.7
630000 37.8
635000 41.7
640000 39.9
645000 37.5
650000 35.5
655000 42.9
660000 46.4
665000 52.7
670000 50.3
675000 33.1
680000 37.4
685000 39.9
690000 44.6
695000 51.7
700000 47.9
705000 56.7
710000 59.8
715000 54.7
720000 57.8
725000 59.8
730000 64.1
735000 63.5
740000 65.3
745000 63.5
750000 68.7
755000 66.0
760000 69.0
765000 72.2
770000 64.8
775000 67.4
780000 69.7
785000 71.2
790000 72.6
795000 67.8
800000 67.5
805000 72.1
810000 74.3
815000 75.2
820000 64.7
825000 67.1
830000 76.1
835000 80.2
840000 69.6
845000 74.9
850000 82.1
855000 77.1
860000 81.4
865000 82.9
870000 82.2
875000 77.1
880000 81.9
885000 87.5
890000 79.3
895000 80.7
900000 82.4
905000 82.7
910000 87.3
915000 84.6
920000 79.7
925000 83.6
930000 86.3
935000 2.5
940000 1.3
945000 3.3
950000 13.7
955000 37.6
960000 44.3
965000 58.4
970000 78.0
975000 80.4
980000 77.1
985000 83.0
990000 81.9
995000 96.3
1000000 88.7
1005000 77.3
1010000 72.8
1015000 82.1
1020000 80.0
1025000 88.0
1030000 73.2
1035000 73.5
1040000 88.3
1045000 90.4
1050000 87.9
1055000 73.8
1060000 82.5
1065000 89.8
1070000 85.7
1075000 90.4
1080000 80.4
1085000 86.1
1090000 96.5
1095000 89.7
1100000 92.2
1105000 83.4
1110000 93.1
1115000 92.8
1120000 93.5
1125000 108.0
1130000 105.3
1135000 99.9
1140000 105.0
1145000 93.7
1150000 103.1
1155000 99.5
1160000 90.5
1165000 89.2
1170000 106.3
1175000 95.8
1180000 94.9
1185000 91.7
1190000 98.9
1195000 98.6
1200000 106.6
1205000 99.7
1210000 96.6
1215000 93.6
1220000 97.4
1225000 107.0
1230000 105.7
1235000 103.4
1240000 111.0
1245000 105.5
1250000 96.6
1255000 93.5
1260000 105.7
1265000 111.5
1270000 105.8
1275000 107.2
1280000 104.6
1285000 109.6
1290000 116.9
1295000 117.1
1300000 108.4
1305000 118.2
1310000 110.2
1315000 108.6
1320000 102.5
1325000 112.3
1330000 112.9
1335000 111.0
1340000 113.8
1345000 114.0
1350000 110.1
1355000 118.6
1360000 111.8
1365000 111.6
1370000 124.7
1375000 116.7
1380000 113.8
1385000 118.0
1390000 112.2
1395000 121.7
1400000 126.0
1405000 116.4
1410000 124.4
1415000 127.3
1420000 122.8
1425000 111.9
1430000 119.0
1435000 117.2
1440000 118.1
1445000 120.8
1450000 120.7
1455000 114.5
1460000 112.9
1465000 123.2
1470000 117.4
1475000 123.7
1480000 122.2
1485000 125.6
1490000 124.2
1495000 127.7
1500000 124.1
1505000 129.1
1510000 119.1
1515000 123.4
1520000 115.9
1525000 129.6
1530000 113.5
1535000 125.5
1540000 126.8
1545000 126.4
1550000 127.3
1555000 127.5
1560000 127.1
1565000 131.0
1570000 124.8
1575000 127.8
1580000 128.8
1585000 1.0
1590000 0.4
1595000 0.5
1600000 0.9
1605000 0.7
1610000 1.3
1615000 2.9
1620000 2.3
1625000 41.6
1630000 31.1
1635000 72.2
1640000 70.3
1645000 102.3
1650000 109.1
1655000 112.6
1660000 121.9
1665000 127.2
1670000 107.7
1675000 112.3
1680000 118.9
1685000 115.6
1690000 127.9
1695000 131.6
1700000 125.8
1705000 124.7
1710000 124.2
1715000 128.1
1720000 129.3
1725000 130.5
1730000 125.6
1735000 129.1
1740000 129.9
1745000 130.8
1750000 136.2
1755000 135.4
1760000 136.7
1765000 135.7
1770000 130.8
1775000 122.6
1780000 130.8
1785000 130.1
1790000 133.3
1795000 132.2
1800000 136.6
1805000 137.5
1810000 137.3
1815000 138.8
1820000 137.9
1825000 136.4
1830000 130.6
1835000 136.9
1840000 132.6
1845000 138.5
1850000 135.6
1855000 133.0
1860000 133.8
1865000 137.8
1870000 133.7
1875000 134.8
1880000 133.4
1885000 135.5
1890000 130.4
1895000 137.4
1900000 133.1
1905000 136.2
1910000 130.7
1915000 137.0
1920000 131.3
1925000 131.8
1930000 131.7
1935000 135.8
1940000 136.2
1945000 133.6
1950000 135.8
1955000 136.4
1960000 137.0
1965000 136.9
1970000 135.2
1975000 136.0
1980000 139.7
1985000 137.4
1990000 136.1
1995000 137.9
2000000 137.4
