5000 0.8
10000 0.8
15000 0.6
20000 0.8
25000 0.7
30000 0.9
35000 0.7
40000 0.7
45000 0.8
50000 1.0
55000 1.1
60000 1.0
65000 1.0
70000 0.6
75000 0.7
80000 0.7
85000 0.8
90000 0.7
95000 0.8
100000 0.9
105000 1.0
110000 0.7
115000 1.1
120000 0.9
125000 1.0
130000 0.9
135000 0.9
140000 1.3
145000 0.6
150000 1.5
155000 1.2
160000 2.4
165000 5.5
170000 14.2
175000 9.2
180000 7.3
185000 7.5
190000 23.6
195000 38.5
200000 24.2
205000 26.7
210000 44.7
215000 39.3
220000 41.1
225000 26.1
230000 5.0
235000 7.9
240000 31.6
245000 48.5
250000 51.4
255000 48.3
260000 53.3
265000 39.9
270000 47.6
275000 53.2
280000 60.8
285000 53.0
290000 44.4
295000 53.4
300000 54.7
305000 61.2
310000 70.4
315000 64.6
320000 72.5
325000 70.7
330000 72.3
335000 72.1
340000 62.3
345000 14.7
350000 5.2
355000 5.6
360000 68.3
365000 73.2
370000 71.6
375000 77.5
380000 80.0
385000 57.7
390000 74.1
395000 81.8
400000 79.6
405000 81.2
410000 86.2
415000 83.5
420000 86.4
425000 86.1
430000 81.9
435000 86.4
440000 87.4
445000 91.0
450000 86.6
455000 89.4
460000 88.3
465000 91.6
470000 92.0
475000 93.2
480000 90.4
485000 87.1
490000 91.0
495000 89.3
500000 52.8
505000 0.8
510000 1.2
515000 1.0
520000 53.6
525000 78.8
530000 82.9
535000 94.8
540000 95.1
545000 99.0
550000 95.1
555000 95.6
560000 97.5
565000 95.1
570000 98.4
575000 99.6
580000 94.7
585000 99.0
590000 100.5
595000 97.2
600000 97.0
605000 98.3
610000 100.5
615000 98.9
620000 97.7
625000 101.2
630000 96.4
635000 98.7
640000 101.7
645000 97.6
650000 100.4
655000 100.2
660000 99.4
665000 101.9
670000 100.1
675000 102.4
680000 103.4
685000 103.6
690000 102.9
695000 103.3
700000 107.3
705000 104.0
710000 102.2
715000 103.8
720000 107.3
725000 106.3
730000 102.6
735000 103.4
740000 103.1
745000 106.3
750000 103.6
755000 107.2
760000 107.7
765000 110.0
770000 108.4
775000 109.1
780000 102.6
785000 106.9
790000 107.5
795000 110.4
800000 108.4
805000 108.9
810000 110.5
815000 106.6
820000 109.9
825000 109.3
830000 110.3
835000 87.9
840000 111.0
845000 107.3
850000 106.2
855000 106.2
860000 109.3
865000 106.0
870000 110.0
875000 108.6
880000 110.2
885000 108.1
890000 110.7
895000 111.1
900000 111.4
905000 109.4
910000 108.2
915000 111.4
920000 111.8
925000 111.2
930000 109.6
935000 106.4
940000 109.1
945000 109.7
950000 110.6
955000 108.6
960000 110.8
965000 110.5
970000 111.5
975000 109.5
980000 112.0
985000 114.6
990000 112.3
995000 111.7
1000000 112.8
1005000 88.2
1010000 92.2
1015000 88.1
1020000 91.6
1025000 92.0
1030000 90.3
1035000 92.9
1040000 93.5
1045000 90.1
1050000 95.7
1055000 91.1
1060000 86.8
1065000 94.6
1070000 96.0
1075000 92.7
1080000 92.5
1085000 91.1
1090000 96.0
1095000 100.6
1100000 98.2
1105000 96.4
1110000 100.8
1115000 98.9
1120000 99.0
1125000 104.5
1130000 96.5
1135000 101.1
1140000 103.2
1145000 101.7
1150000 103.2
1155000 103.0
1160000 101.0
1165000 98.3
1170000 103.5
1175000 103.7
1180000 105.1
1185000 101.1
1190000 105.2
1195000 104.5
1200000 108.7
1205000 107.3
1210000 108.9
1215000 110.2
1220000 106.0
1225000 110.7
1230000 109.0
1235000 110.7
1240000 109.1
1245000 106.8
1250000 112.9
1255000 112.4
1260000 114.4
1265000 112.4
1270000 108.8
1275000 109.8
1280000 111.9
1285000 115.2
1290000 114.0
1295000 114.3
1300000 112.4
1305000 114.7
1310000 113.9
1315000 118.9
1320000 113.0
1325000 115.7
1330000 106.1
1335000 120.5
1340000 118.4
1345000 120.3
1350000 118.1
1355000 118.6
1360000 116.3
1365000 130.0
1370000 120.0
1375000 119.2
1380000 121.3
1385000 127.0
1390000 124.9
1395000 122.4
1400000 118.7
1405000 131.1
1410000 125.7
1415000 129.2
1420000 128.7
1425000 129.6
1430000 131.6
1435000 133.5
1440000 130.0
1445000 129.4
1450000 131.4
1455000 128.8
1460000 130.8
1465000 126.8
1470000 125.1
1475000 131.1
1480000 123.8
1485000 131.5
1490000 135.7
1495000 135.7
1500000 131.7
1505000 135.3
1510000 129.8
1515000 135.0
1520000 133.6
1525000 135.0
1530000 133.3
1535000 135.0
1540000 137.2
1545000 133.5
1550000 130.8
1555000 133.6
1560000 132.5
1565000 137.9
1570000 136.7
1575000 136.5
1580000 134.4
1585000 135.7
1590000 138.6
1595000 138.7
1600000 135.3
1605000 137.9
1610000 138.5
1615000 138.5
1620000 135.9
1625000 140.4
1630000 139.6
1635000 138.5
1640000 136.4
1645000 138.9
1650000 139.6
1655000 140.3
1660000 132.8
1665000 134.7
1670000 136.0
1675000 141.2
1680000 136.0
1685000 138.5
1690000 141.2
1695000 140.8
1700000 141.5
1705000 139.6
1710000 144.3
1715000 140.2
1720000 137.5
1725000 140.6
1730000 138.7
1735000 137.6
1740000 141.4
1745000 141.7
1750000 149.1
1755000 143.1
1760000 141.9
1765000 138.3
1770000 139.1
1775000 145.9
1780000 138.6
1785000 141.7
1790000 142.8
1795000 139.2
1800000 141.6
1805000 139.1
1810000 142.7
1815000 138.6
1820000 142.3
1825000 144.1
1830000 142.7
1835000 143.8
1840000 139.7
1845000 140.7
1850000 150.3
1855000 140.9
1860000 142.6
1865000 150.0
1870000 144.1
1875000 145.7
1880000 146.1
1885000 140.7
1890000 151.1
1895000 146.6
1900000 148.9
1905000 144.3
1910000 157.7
1915000 143.7
1920000 151.8
1925000 148.6
1930000 147.4
1935000 148.8
1940000 147.3
1945000 146.6
1950000 144.8
1955000 145.9
1960000 129.9
1965000 146.9
1970000 146.8
1975000 148.6
1980000 153.2
1985000 154.3
1990000 149.3
1995000 148.4
2000000 148.1
