5000 0.8
10000 0.9
15000 0.7
20000 0.6
25000 0.9
30000 0.5
35000 0.5
40000 0.5
45000 0.9
50000 0.5
55000 0.5
60000 0.6
65000 0.8
70000 0.7
75000 1.0
80000 0.9
85000 0.5
90000 1.0
95000 0.7
100000 0.6
105000 0.8
110000 0.8
115000 1.3
120000 1.3
125000 0.9
130000 1.1
135000 0.9
140000 1.2
145000 1.3
150000 1.1
155000 1.1
160000 1.5
165000 1.5
170000 1.4
175000 1.1
180000 1.3
185000 1.3
190000 1.3
195000 1.5
200000 1.4
205000 1.5
210000 1.5
215000 1.4
220000 1.0
225000 1.4
230000 1.2
235000 1.1
240000 1.3
245000 1.4
250000 1.3
255000 1.4
260000 1.4
265000 1.7
270000 1.3
275000 1.5
280000 1.3
285000 1.5
290000 1.4
295000 1.2
300000 1.2
305000 1.3
310000 1.3
315000 1.2
320000 1.5
325000 1.5
330000 1.5
335000 1.5
340000 1.2
345000 1.4
350000 1.6
355000 1.2
360000 1.3
365000 1.4
370000 1.6
375000 1.1
380000 1.5
385000 1.2
390000 1.4
395000 1.2
400000 1.3
405000 1.3
410000 1.4
415000 1.6
420000 1.4
425000 1.8
430000 1.3
435000 1.4
440000 1.4
445000 1.5
450000 1.4
455000 1.5
460000 1.3
465000 1.1
470000 1.4
475000 1.3
480000 1.5
485000 1.2
490000 1.4
495000 1.4
500000 1.5
505000 1.5
510000 1.2
515000 1.2
520000 1.5
525000 1.2
530000 1.6
535000 1.5
540000 1.5
545000 1.4
550000 1.5
555000 1.4
560000 1.4
565000 1.4
570000 1.5
575000 1.6
580000 1.3
585000 1.3
590000 1.6
595000 1.4
600000 1.3
605000 1.5
610000 1.6
615000 1.5
620000 1.3
625000 1.4
630000 1.7
635000 1.6
640000 1.5
645000 1.5
650000 1.3
655000 1.7
660000 1.3
665000 1.4
670000 1.2
675000 1.4
680000 1.7
685000 1.3
690000 1.2
695000 1.6
700000 1.6
705000 1.2
710000 1.2
715000 1.3
720000 1.3
725000 1.3
730000 1.4
735000 1.5
740000 1.2
745000 1.6
750000 1.4
755000 1.6
760000 1.3
765000 1.4
770000 1.5
775000 1.5
780000 1.5
785000 1.5
790000 1.4
795000 1.4
800000 1.7
805000 1.3
810000 1.4
815000 1.7
820000 1.3
825000 1.3
830000 1.7
835000 1.6
840000 1.8
845000 1.6
850000 1.6
855000 1.2
860000 1.6
865000 1.4
870000 1.4
875000 1.4
880000 1.2
885000 1.5
890000 1.2
895000 1.4
900000 1.2
905000 1.3
910000 1.5
915000 1.4
920000 1.4
925000 1.2
930000 1.6
935000 1.3
940000 1.5
945000 1.6
950000 1.6
955000 1.9
960000 2.0
965000 1.3
970000 1.3
975000 1.4
980000 2.0
985000 1.2
990000 1.3
995000 1.3
1000000 1.6
1005000 1.4
1010000 1.3
1015000 1.3
1020000 1.3
1025000 1.8
1030000 1.5
1035000 1.6
1040000 1.3
1045000 1.2
1050000 1.4
1055000 1.3
1060000 1.2
1065000 1.3
1070000 1.3
1075000 1.0
1080000 1.3
1085000 1.3
1090000 1.4
1095000 1.6
1100000 1.4
1105000 1.2
1110000 1.3
1115000 1.1
1120000 1.6
1125000 1.5
1130000 1.3
1135000 1.7
1140000 1.5
1145000 2.8
1150000 2.6
1155000 5.4
1160000 2.9
1165000 8.5
1170000 12.2
1175000 12.1
1180000 18.2
1185000 12.1
1190000 7.3
1195000 13.2
1200000 6.2
1205000 10.8
1210000 22.7
1215000 21.0
1220000 17.1
1225000 21.0
1230000 9.2
1235000 27.4
1240000 43.4
1245000 47.4
1250000 44.3
1255000 31.5
1260000 48.2
1265000 46.3
1270000 36.3
1275000 38.9
1280000 50.2
1285000 53.8
1290000 59.8
1295000 41.0
1300000 57.2
1305000 55.5
1310000 57.9
1315000 60.5
1320000 54.1
1325000 50.6
1330000 61.3
1335000 60.1
1340000 56.2
1345000 58.4
1350000 66.0
1355000 58.2
1360000 48.1
1365000 57.8
1370000 66.0
1375000 65.0
1380000 61.9
1385000 67.3
1390000 68.9
1395000 73.2
1400000 70.9
1405000 76.3
1410000 75.3
1415000 75.8
1420000 76.4
1425000 78.9
1430000 83.4
1435000 79.7
1440000 79.9
1445000 79.7
1450000 81.6
1455000 80.3
1460000 82.0
1465000 78.5
1470000 82.0
1475000 66.0
1480000 67.8
1485000 76.4
1490000 79.8
1495000 88.1
1500000 82.0
1505000 84.7
1510000 83.2
1515000 86.4
1520000 84.6
1525000 84.2
1530000 87.5
1535000 89.3
1540000 87.8
1545000 89.8
1550000 90.4
1555000 91.5
1560000 88.1
1565000 89.4
1570000 91.1
1575000 85.1
1580000 87.9
1585000 89.7
1590000 93.6
1595000 90.9
1600000 93.8
1605000 94.9
1610000 92.9
1615000 90.9
1620000 96.1
1625000 94.2
1630000 94.5
1635000 86.0
1640000 94.2
1645000 86.3
1650000 94.3
1655000 94.5
1660000 95.2
1665000 95.3
1670000 94.0
1675000 96.8
1680000 94.6
1685000 93.1
1690000 95.4
1695000 98.0
1700000 97.7
1705000 97.1
1710000 98.1
1715000 88.0
1720000 100.3
1725000 98.5
1730000 96.2
1735000 96.6
1740000 99.0
1745000 96.5
1750000 97.2
1755000 98.1
1760000 98.7
1765000 98.4
1770000 102.4
1775000 103.2
1780000 103.1
1785000 100.5
1790000 102.8
1795000 102.2
1800000 98.4
1805000 101.3
1810000 99.2
1815000 102.3
1820000 102.4
1825000 101.8
1830000 104.7
1835000 105.4
1840000 100.3
1845000 100.8
1850000 100.6
1855000 105.5
1860000 101.9
1865000 103.7
1870000 104.7
1875000 104.0
1880000 103.2
1885000 104.4
1890000 106.3
1895000 104.2
1900000 105.7
1905000 105.4
1910000 104.0
1915000 106.5
1920000 103.2
1925000 108.5
1930000 106.2
1935000 108.5
1940000 108.2
1945000 110.4
1950000 107.2
1955000 109.6
1960000 97.7
1965000 110.1
1970000 109.6
1975000 112.5
1980000 110.7
1985000 108.4
1990000 111.0
1995000 93.6
2000000 110.0
