5000 0.7
10000 0.9
15000 0.7
20000 0.4
25000 0.5
30000 0.9
35000 0.6
40000 0.7
45000 0.6
50000 0.8
55000 0.7
60000 1.1
65000 1.1
70000 0.6
75000 0.7
80000 1.0
85000 0.7
90000 0.7
95000 1.2
100000 0.8
105000 1.0
110000 1.0
115000 1.5
120000 1.7
125000 1.6
130000 1.1
135000 1.2
140000 0.8
145000 1.2
150000 3.7
155000 1.4
160000 1.6
165000 7.0
170000 3.5
175000 14.0
180000 31.0
185000 17.9
190000 22.3
195000 19.7
200000 22.6
205000 44.4
210000 28.0
215000 46.6
220000 53.4
225000 58.0
230000 52.3
235000 60.3
240000 52.6
245000 54.9
250000 54.0
255000 27.5
260000 42.9
265000 63.2
270000 60.1
275000 64.6
280000 65.8
285000 57.8
290000 62.4
295000 71.1
300000 74.8
305000 67.3
310000 71.2
315000 68.3
320000 77.9
325000 69.9
330000 74.9
335000 73.1
340000 75.3
345000 80.6
350000 73.4
355000 75.9
360000 72.7
365000 76.9
370000 80.9
375000 83.7
380000 80.2
385000 79.9
390000 79.3
395000 79.6
400000 86.9
405000 86.0
410000 85.6
415000 88.2
420000 82.9
425000 89.7
430000 85.7
435000 88.9
440000 91.2
445000 83.7
450000 90.2
455000 94.6
460000 94.0
465000 92.2
470000 94.4
475000 92.1
480000 66.6
485000 70.3
490000 98.1
495000 97.3
500000 97.9
505000 98.6
510000 95.2
515000 98.3
520000 98.3
525000 95.8
530000 104.1
535000 97.7
540000 101.7
545000 104.9
550000 101.4
555000 100.5
560000 101.0
565000 106.7
570000 104.4
575000 98.0
580000 106.8
585000 107.9
590000 104.6
595000 108.2
600000 109.5
605000 108.3
610000 105.9
615000 108.0
620000 110.4
625000 111.8
630000 111.1
635000 109.2
640000 110.9
645000 111.8
650000 112.5
655000 111.7
660000 110.8
665000 113.7
670000 112.1
675000 113.0
680000 112.0
685000 111.5
690000 107.0
695000 113.2
700000 118.2
705000 113.0
710000 115.8
715000 116.8
720000 118.9
725000 116.8
730000 120.6
735000 117.2
740000 117.9
745000 116.2
750000 118.9
755000 118.4
760000 118.8
765000 120.6
770000 117.4
775000 122.3
780000 122.4
785000 121.3
790000 122.0
795000 120.2
800000 125.2
805000 124.4
810000 114.3
815000 122.6
820000 123.3
825000 122.0
830000 127.8
835000 123.7
840000 118.9
845000 125.9
850000 126.7
855000 117.0
860000 104.5
865000 125.9
870000 123.1
875000 127.7
880000 124.2
885000 128.9
890000 129.1
895000 128.6
900000 128.5
905000 130.3
910000 135.2
915000 130.9
920000 134.2
925000 134.8
930000 129.3
935000 139.8
940000 128.4
945000 124.6
950000 134.5
955000 137.8
960000 132.0
965000 132.0
970000 138.1
975000 133.6
980000 133.4
985000 142.1
990000 143.7
995000 141.0
1000000 139.9
1005000 113.7
1010000 98.3
1015000 102.6
1020000 103.0
1025000 101.3
1030000 103.5
1035000 106.5
1040000 107.9
1045000 101.4
1050000 98.8
1055000 105.4
1060000 106.2
1065000 103.2
1070000 112.3
1075000 111.9
1080000 113.1
1085000 124.5
1090000 119.4
1095000 125.4
1100000 118.6
1105000 109.2
1110000 114.5
1115000 127.8
1120000 114.5
1125000 126.3
1130000 122.7
1135000 130.2
1140000 138.9
1145000 125.5
1150000 121.9
1155000 133.2
1160000 137.1
1165000 136.7
1170000 130.5
1175000 138.0
1180000 136.3
1185000 133.0
1190000 129.0
1195000 139.2
1200000 135.8
1205000 132.9
1210000 144.5
1215000 135.2
1220000 135.2
1225000 141.9
1230000 126.0
1235000 118.5
1240000 144.6
1245000 148.5
1250000 139.8
1255000 144.7
1260000 148.1
1265000 140.2
1270000 150.1
1275000 145.0
1280000 142.7
1285000 137.2
1290000 136.8
1295000 146.3
1300000 131.9
1305000 141.6
1310000 120.0
1315000 132.2
1320000 151.8
1325000 149.1
1330000 149.0
1335000 156.7
1340000 152.3
1345000 147.6
1350000 155.1
1355000 156.6
1360000 156.0
1365000 160.3
1370000 155.3
1375000 155.7
1380000 154.0
1385000 147.8
1390000 151.9
1395000 161.8
1400000 159.2
1405000 167.4
1410000 158.0
1415000 162.8
1420000 155.2
1425000 164.5
1430000 162.0
1435000 159.6
1440000 156.3
1445000 158.2
1450000 161.3
1455000 163.3
1460000 160.5
1465000 162.7
1470000 162.6
1475000 161.8
1480000 154.8
1485000 160.9
1490000 156.7
1495000 159.1
1500000 156.4
1505000 160.9
1510000 157.0
1515000 163.9
1520000 168.0
1525000 156.7
1530000 171.7
1535000 153.3
1540000 166.0
1545000 165.8
1550000 168.8
1555000 171.1
1560000 168.7
1565000 159.9
1570000 160.9
1575000 172.3
1580000 170.8
1585000 173.1
1590000 157.2
1595000 146.9
1600000 161.3
1605000 157.1
1610000 169.4
1615000 167.4
1620000 156.5
1625000 169.0
1630000 172.4
1635000 168.8
1640000 173.3
1645000 163.0
1650000 166.1
1655000 173.9
1660000 174.5
1665000 174.1
1670000 171.9
1675000 139.1
1680000 114.2
1685000 103.3
1690000 174.1
1695000 155.2
1700000 174.3
1705000 167.6
1710000 173.9
1715000 175.1
1720000 172.4
1725000 171.3
1730000 166.9
1735000 180.1
1740000 172.5
1745000 169.6
1750000 175.0
1755000 173.2
1760000 157.1
1765000 176.6
1770000 177.6
1775000 177.1
1780000 179.8
1785000 172.2
1790000 177.1
1795000 175.9
1800000 174.5
1805000 173.8
1810000 173.8
1815000 173.4
1820000 177.0
1825000 181.0
1830000 175.9
1835000 181.3
1840000 174.5
1845000 173.7
1850000 170.5
1855000 179.8
1860000 177.3
1865000 178.6
1870000 180.8
1875000 176.5
1880000 180.0
1885000 175.5
1890000 176.7
1895000 177.8
1900000 178.2
1905000 182.2
1910000 177.3
1915000 177.9
1920000 173.3
1925000 179.0
1930000 177.4
1935000 181.4
1940000 176.2
1945000 177.2
1950000 182.1
1955000 184.4
1960000 171.9
1965000 172.5
1970000 178.1
1975000 179.6
1980000 181.6
1985000 182.2
1990000 178.1
1995000 170.1
2000000 181.6
