5000 0.5
10000 0.9
15000 0.6
20000 0.8
25000 0.6
30000 0.6
35000 0.6
40000 0.8
45000 0.7
50000 0.8
55000 0.8
60000 1.2
65000 1.2
70000 1.0
75000 0.8
80000 1.0
85000 1.1
90000 1.2
95000 0.5
100000 0.7
105000 0.7
110000 1.0
115000 0.7
120000 1.0
125000 0.8
130000 1.1
135000 0.7
140000 1.1
145000 1.0
150000 1.3
155000 1.4
160000 1.1
165000 0.9
170000 0.9
175000 1.1
180000 1.2
185000 1.1
190000 1.0
195000 1.1
200000 1.5
205000 1.0
210000 1.2
215000 1.0
220000 1.3
225000 1.0
230000 1.1
235000 1.3
240000 1.2
245000 1.1
250000 1.1
255000 1.4
260000 1.3
265000 1.4
270000 2.3
275000 1.9
280000 1.3
285000 2.8
290000 7.7
295000 6.5
300000 8.6
305000 16.1
310000 6.0
315000 15.5
320000 19.7
325000 19.6
330000 3.9
335000 1.1
340000 1.1
345000 3.4
350000 6.8
355000 14.9
360000 18.8
365000 27.8
370000 28.2
375000 32.8
380000 26.6
385000 33.9
390000 41.3
395000 43.2
400000 46.9
405000 49.4
410000 47.9
415000 50.8
420000 47.0
425000 41.1
430000 46.7
435000 53.1
440000 48.5
445000 40.4
450000 49.6
455000 53.9
460000 55.8
465000 53.0
470000 54.6
475000 55.8
480000 53.7
485000 61.4
490000 57.3
495000 61.2
500000 54.2
505000 63.1
510000 62.0
515000 64.3
520000 64.7
525000 61.3
530000 64.3
535000 67.7
540000 71.1
545000 52.7
550000 11.0
555000 1.6
560000 15.9
565000 70.2
570000 67.8
575000 64.6
580000 73.3
585000 77.0
590000 75.7
595000 82.3
600000 75.9
605000 79.8
610000 81.1
615000 79.2
620000 79.7
625000 84.3
630000 85.5
635000 83.7
640000 86.9
645000 82.6
650000 85.5
655000 80.8
660000 90.0
665000 87.6
670000 85.9
675000 89.3
680000 88.3
685000 89.3
690000 91.4
695000 89.3
700000 88.0
705000 68.9
710000 7.8
715000 0.9
720000 0.9
725000 1.1
730000 49.8
735000 83.0
740000 90.1
745000 78.7
750000 91.1
755000 83.4
760000 95.2
765000 87.5
770000 87.1
775000 86.3
780000 94.7
785000 95.6
790000 97.5
795000 96.4
800000 99.5
805000 94.4
810000 94.9
815000 104.8
820000 99.4
825000 103.2
830000 102.1
835000 102.6
840000 102.0
845000 101.5
850000 102.4
855000 104.9
860000 104.1
865000 104.6
870000 108.4
875000 109.4
880000 102.9
885000 107.9
890000 104.9
895000 106.3
900000 102.4
905000 103.7
910000 107.8
915000 103.0
920000 109.3
925000 108.2
930000 104.5
935000 103.7
940000 106.3
945000 110.3
950000 107.3
955000 107.8
960000 106.6
965000 100.2
970000 108.6
975000 102.9
980000 102.2
985000 108.8
990000 106.9
995000 108.2
1000000 109.1
1005000 87.7
1010000 95.8
1015000 88.2
1020000 84.6
1025000 51.4
1030000 79.5
1035000 82.1
1040000 80.2
1045000 88.0
1050000 87.8
1055000 98.8
1060000 91.1
1065000 96.0
1070000 92.6
1075000 93.7
1080000 96.6
1085000 91.7
1090000 95.8
1095000 98.4
1100000 91.1
1105000 105.4
1110000 88.2
1115000 103.5
1120000 102.4
1125000 99.9
1130000 98.3
1135000 102.3
1140000 104.5
1145000 105.7
1150000 106.3
1155000 102.7
1160000 106.6
1165000 110.2
1170000 109.7
1175000 114.1
1180000 111.3
1185000 111.6
1190000 114.2
1195000 114.6
1200000 112.0
1205000 106.9
1210000 105.2
1215000 113.3
1220000 116.8
1225000 115.8
1230000 115.9
1235000 116.1
1240000 110.5
1245000 116.8
1250000 106.2
1255000 105.1
1260000 112.6
1265000 116.7
1270000 120.0
1275000 119.0
1280000 120.0
1285000 116.7
1290000 124.6
1295000 115.3
1300000 122.6
1305000 120.3
1310000 122.0
1315000 118.6
1320000 120.1
1325000 126.0
1330000 127.6
1335000 125.3
1340000 124.9
1345000 126.0
1350000 115.9
1355000 126.6
1360000 122.4
1365000 126.7
1370000 129.0
1375000 124.8
1380000 115.5
1385000 126.9
1390000 129.7
1395000 125.3
1400000 127.7
1405000 127.5
1410000 128.5
1415000 127.8
1420000 128.7
1425000 129.2
1430000 128.7
1435000 128.0
1440000 129.2
1445000 124.6
1450000 127.0
1455000 125.2
1460000 117.8
1465000 127.9
1470000 125.5
1475000 130.5
1480000 129.8
1485000 133.3
1490000 130.6
1495000 132.4
1500000 133.3
1505000 131.2
1510000 131.4
1515000 131.7
1520000 125.5
1525000 131.9
1530000 133.4
1535000 135.1
1540000 119.4
1545000 136.9
1550000 131.2
1555000 131.2
1560000 132.2
1565000 134.9
1570000 135.3
1575000 135.0
1580000 135.0
1585000 124.8
1590000 137.4
1595000 135.1
1600000 134.4
1605000 131.6
1610000 135.9
1615000 135.7
1620000 140.6
1625000 138.3
1630000 131.5
1635000 134.1
1640000 137.0
1645000 138.0
1650000 136.4
1655000 140.8
1660000 135.7
1665000 135.2
1670000 135.9
1675000 136.8
1680000 137.7
1685000 139.7
1690000 132.3
1695000 132.3
1700000 69.3
1705000 98.6
1710000 132.3
1715000 137.5
1720000 127.4
1725000 135.1
1730000 139.8
1735000 138.7
1740000 139.4
1745000 137.8
1750000 137.7
1755000 138.3
1760000 135.4
1765000 134.3
1770000 139.0
1775000 141.8
1780000 135.5
1785000 140.7
1790000 139.9
1795000 140.6
1800000 124.1
1805000 139.9
1810000 141.3
1815000 138.2
1820000 140.4
1825000 138.4
1830000 139.5
1835000 138.2
1840000 141.8
1845000 141.2
1850000 138.7
1855000 143.9
1860000 141.7
1865000 138.8
1870000 140.7
1875000 142.1
1880000 141.2
1885000 138.7
1890000 144.4
1895000 140.1
1900000 135.7
1905000 131.3
1910000 143.0
1915000 140.3
1920000 143.8
1925000 143.3
1930000 130.4
1935000 141.1
1940000 107.9
1945000 142.0
1950000 143.8
1955000 128.0
1960000 38.7
1965000 49.0
1970000 117.4
1975000 87.1
1980000 82.8
1985000 87.9
1990000 100.9
1995000 50.9
2000000 21.5
