5000 0.7
10000 1.1
15000 0.8
20000 0.5
25000 0.6
30000 0.5
35000 1.0
40000 0.5
45000 0.7
50000 0.8
55000 0.8
60000 1.0
65000 0.9
70000 0.9
75000 0.7
80000 0.8
85000 0.7
90000 0.8
95000 1.1
100000 1.0
105000 1.0
110000 1.2
115000 1.1
120000 0.9
125000 0.7
130000 1.0
135000 1.0
140000 1.1
145000 1.7
150000 0.9
155000 1.1
160000 1.0
165000 0.9
170000 1.2
175000 1.2
180000 1.1
185000 1.2
190000 1.4
195000 0.9
200000 1.1
205000 1.0
210000 1.2
215000 1.3
220000 1.3
225000 1.3
230000 1.4
235000 1.8
240000 0.9
245000 1.2
250000 0.9
255000 1.3
260000 1.3
265000 1.4
270000 1.5
275000 1.2
280000 1.3
285000 1.1
290000 1.4
295000 1.2
300000 1.3
305000 1.5
310000 1.3
315000 1.8
320000 1.2
325000 1.0
330000 1.9
335000 1.4
340000 1.9
345000 1.2
350000 1.4
355000 2.3
360000 1.5
365000 1.2
370000 1.4
375000 2.2
380000 2.1
385000 3.5
390000 3.8
395000 4.9
400000 4.2
405000 17.8
410000 4.8
415000 17.7
420000 14.2
425000 21.3
430000 23.8
435000 15.3
440000 18.4
445000 7.2
450000 7.9
455000 17.7
460000 14.7
465000 14.5
470000 13.7
475000 19.8
480000 32.0
485000 39.7
490000 38.7
495000 41.9
500000 36.5
505000 40.0
510000 45.8
515000 38.6
520000 45.8
525000 43.7
530000 52.3
535000 49.9
540000 50.8
545000 52.8
550000 40.0
555000 48.4
560000 64.3
565000 62.1
570000 62.8
575000 64.9
580000 64.5
585000 63.0
590000 68.9
595000 68.3
600000 69.9
605000 67.8
610000 71.7
615000 69.0
620000 63.3
625000 69.7
630000 75.6
635000 64.8
640000 19.1
645000 25.1
650000 70.4
655000 75.4
660000 82.9
665000 75.0
670000 64.2
675000 0.7
680000 0.8
685000 1.0
690000 1.2
695000 0.9
700000 1.2
705000 1.1
710000 1.0
715000 1.3
720000 23.5
725000 21.6
730000 61.4
735000 69.2
740000 74.5
745000 83.0
750000 78.6
755000 79.5
760000 81.7
765000 77.6
770000 83.1
775000 83.4
780000 84.9
785000 84.0
790000 86.7
795000 84.8
800000 89.2
805000 79.6
810000 93.5
815000 91.3
820000 90.1
825000 93.5
830000 88.3
835000 86.2
840000 93.1
845000 82.8
850000 87.0
855000 81.9
860000 91.5
865000 95.9
870000 100.3
875000 94.1
880000 98.6
885000 95.4
890000 96.5
895000 95.3
900000 96.6
905000 94.6
910000 97.9
915000 99.7
920000 96.3
925000 97.2
930000 95.5
935000 102.3
940000 96.2
945000 90.5
950000 101.1
955000 104.3
960000 101.8
965000 100.9
970000 99.2
975000 108.0
980000 99.3
985000 106.7
990000 103.7
995000 106.5
1000000 107.8
1005000 92.4
1010000 95.8
1015000 94.6
1020000 91.7
1025000 93.6
1030000 87.3
1035000 90.9
1040000 94.1
1045000 92.5
1050000 91.7
1055000 98.9
1060000 98.5
1065000 98.8
1070000 95.1
1075000 99.1
1080000 101.6
1085000 99.1
1090000 98.6
1095000 97.7
1100000 95.2
1105000 101.4
1110000 105.7
1115000 101.1
1120000 105.2
1125000 110.0
1130000 107.4
1135000 107.8
1140000 104.7
1145000 108.1
1150000 107.8
1155000 95.2
1160000 110.3
1165000 108.1
1170000 107.6
1175000 114.2
1180000 110.4
1185000 107.7
1190000 105.9
1195000 107.8
1200000 109.9
1205000 110.2
1210000 110.5
1215000 113.3
1220000 111.7
1225000 114.2
1230000 117.4
1235000 119.8
1240000 118.0
1245000 123.1
1250000 119.0
1255000 117.6
1260000 117.2
1265000 120.7
1270000 122.9
1275000 116.0
1280000 120.3
1285000 121.3
1290000 125.1
1295000 122.8
1300000 117.7
1305000 126.2
1310000 122.7
1315000 124.0
1320000 129.3
1325000 116.0
1330000 126.6
1335000 120.2
1340000 125.8
1345000 124.7
1350000 122.4
1355000 128.7
1360000 129.1
1365000 128.1
1370000 129.0
1375000 131.0
1380000 135.6
1385000 133.8
1390000 129.3
1395000 128.8
1400000 131.9
1405000 135.1
1410000 134.3
1415000 139.2
1420000 128.8
1425000 137.6
1430000 135.5
1435000 136.4
1440000 135.5
1445000 135.3
1450000 139.0
1455000 137.4
1460000 137.1
1465000 135.3
1470000 137.9
1475000 137.1
1480000 135.0
1485000 138.3
1490000 135.9
1495000 138.1
1500000 137.0
1505000 137.9
1510000 135.8
1515000 143.2
1520000 136.0
1525000 136.7
1530000 142.4
1535000 142.6
1540000 140.4
1545000 141.4
1550000 141.8
1555000 141.0
1560000 140.6
1565000 139.6
1570000 139.1
1575000 141.2
1580000 139.6
1585000 143.0
1590000 143.0
1595000 130.6
1600000 142.0
1605000 146.2
1610000 144.1
1615000 145.1
1620000 135.0
1625000 141.4
1630000 140.7
1635000 141.5
1640000 143.4
1645000 139.9
1650000 141.8
1655000 141.8
1660000 143.7
1665000 142.9
1670000 146.1
1675000 141.8
1680000 143.1
1685000 143.9
1690000 144.8
1695000 145.5
1700000 144.2
1705000 143.0
1710000 144.9
1715000 144.2
1720000 142.9
1725000 143.9
1730000 143.7
1735000 145.7
1740000 142.5
1745000 146.9
1750000 144.0
1755000 146.8
1760000 144.2
1765000 141.3
1770000 147.2
1775000 147.1
1780000 147.3
1785000 148.1
1790000 148.7
1795000 146.2
1800000 147.1
1805000 152.4
1810000 148.4
1815000 150.7
1820000 146.8
1825000 150.2
1830000 150.4
1835000 143.8
1840000 146.4
1845000 152.6
1850000 146.6
1855000 144.2
1860000 151.4
1865000 154.2
1870000 145.2
1875000 142.7
1880000 145.2
1885000 148.1
1890000 144.5
1895000 146.7
1900000 145.9
1905000 148.1
1910000 143.6
1915000 146.2
1920000 147.0
1925000 151.3
1930000 146.4
1935000 147.2
1940000 147.4
1945000 146.5
1950000 145.9
1955000 146.8
1960000 156.3
1965000 147.1
1970000 149.7
1975000 146.8
1980000 145.1
1985000 154.8
1990000 152.0
1995000 149.8
2000000 150.0
