5000 0.8
10000 0.7
15000 1.0
20000 0.9
25000 0.8
30000 0.8
35000 0.8
40000 0.8
45000 0.9
50000 0.4
55000 1.0
60000 1.0
65000 1.0
70000 0.6
75000 1.0
80000 0.9
85000 0.9
90000 0.9
95000 1.0
100000 1.0
105000 0.8
110000 1.0
115000 1.1
120000 1.3
125000 1.0
130000 1.2
135000 1.2
140000 2.3
145000 1.7
150000 1.9
155000 2.0
160000 2.3
165000 4.6
170000 4.3
175000 4.1
180000 11.2
185000 5.9
190000 14.9
195000 14.2
200000 24.3
205000 24.2
210000 35.6
215000 24.9
220000 37.8
225000 46.9
230000 54.9
235000 54.2
240000 55.4
245000 56.5
250000 63.5
255000 59.5
260000 70.6
265000 70.9
270000 53.4
275000 30.4
280000 15.1
285000 40.0
290000 76.0
295000 79.4
300000 80.9
305000 73.8
310000 89.7
315000 81.7
320000 85.7
325000 86.0
330000 89.0
335000 77.1
340000 39.6
345000 84.2
350000 67.6
355000 6.9
360000 5.5
365000 63.9
370000 88.5
375000 97.5
380000 96.5
385000 98.8
390000 99.1
395000 95.7
400000 97.7
405000 98.2
410000 98.2
415000 99.1
420000 75.2
425000 57.6
430000 44.7
435000 86.4
440000 104.4
445000 104.7
450000 102.6
455000 103.5
460000 100.4
465000 106.4
470000 107.6
475000 109.5
480000 108.4
485000 109.3
490000 109.9
495000 117.3
500000 110.0
505000 116.2
510000 110.0
515000 109.6
520000 117.6
525000 114.6
530000 118.1
535000 99.5
540000 85.6
545000 88.3
550000 112.7
555000 120.1
560000 117.4
565000 117.3
570000 115.0
575000 118.9
580000 120.4
585000 121.9
590000 121.4
595000 119.6
600000 125.0
605000 120.5
610000 119.0
615000 124.5
620000 118.4
625000 124.7
630000 121.7
635000 123.8
640000 122.5
645000 123.7
650000 125.4
655000 123.9
660000 124.1
665000 128.0
670000 126.1
675000 126.3
680000 128.3
685000 130.7
690000 125.7
695000 132.3
700000 115.2
705000 125.7
710000 120.8
715000 130.0
720000 137.9
725000 127.7
730000 126.3
735000 129.8
740000 130.4
745000 127.1
750000 131.7
755000 131.5
760000 132.3
765000 133.3
770000 133.0
775000 128.6
780000 125.1
785000 132.1
790000 132.9
795000 135.7
800000 137.8
805000 136.5
810000 136.3
815000 135.7
820000 136.2
825000 135.0
830000 137.5
835000 137.6
840000 132.7
845000 136.4
850000 126.8
855000 46.3
860000 31.2
865000 26.1
870000 130.4
875000 129.3
880000 137.3
885000 136.9
890000 135.6
895000 141.7
900000 133.5
905000 138.2
910000 136.5
915000 140.3
920000 141.1
925000 142.2
930000 142.1
935000 139.9
940000 148.5
945000 141.1
950000 136.2
955000 144.5
960000 127.2
965000 156.5
970000 160.4
975000 119.1
980000 145.2
985000 151.3
990000 150.3
995000 145.1
1000000 148.2
1005000 111.4
1010000 112.3
1015000 118.1
1020000 118.4
1025000 112.1
1030000 104.1
1035000 117.7
1040000 116.7
1045000 115.8
1050000 120.1
1055000 121.6
1060000 117.2
1065000 116.4
1070000 113.9
1075000 123.8
1080000 123.5
1085000 119.5
1090000 131.2
1095000 126.3
1100000 133.4
1105000 123.7
1110000 126.2
1115000 145.2
1120000 129.7
1125000 123.4
1130000 137.9
1135000 141.4
1140000 145.0
1145000 141.0
1150000 145.1
1155000 140.0
1160000 140.1
1165000 151.3
1170000 144.2
1175000 150.5
1180000 146.8
1185000 152.0
1190000 153.5
1195000 154.9
1200000 161.6
1205000 156.3
1210000 160.1
1215000 150.5
1220000 164.4
1225000 164.1
1230000 156.2
1235000 163.2
1240000 152.4
1245000 160.3
1250000 171.2
1255000 157.7
1260000 164.6
1265000 154.9
1270000 160.3
1275000 138.6
1280000 164.7
1285000 169.7
1290000 167.1
1295000 169.7
1300000 180.9
1305000 168.7
1310000 154.3
1315000 164.0
1320000 162.8
1325000 174.0
1330000 169.8
1335000 159.9
1340000 166.9
1345000 175.0
1350000 176.3
1355000 162.9
1360000 173.0
1365000 160.6
1370000 171.8
1375000 163.3
1380000 181.8
1385000 159.2
1390000 176.0
1395000 172.8
1400000 176.9
1405000 164.7
1410000 169.2
1415000 176.0
1420000 171.0
1425000 173.2
1430000 175.8
1435000 181.0
1440000 180.0
1445000 176.4
1450000 175.0
1455000 171.6
1460000 174.0
1465000 172.2
1470000 167.3
1475000 173.3
1480000 172.0
1485000 171.0
1490000 170.1
1495000 170.1
1500000 166.4
1505000 177.3
1510000 170.2
1515000 183.5
1520000 169.4
1525000 167.7
1530000 172.7
1535000 174.6
1540000 170.9
1545000 169.7
1550000 152.9
1555000 167.0
1560000 164.9
1565000 155.5
1570000 177.2
1575000 168.4
1580000 170.9
1585000 179.6
1590000 177.1
1595000 172.4
1600000 171.2
1605000 180.4
1610000 174.6
1615000 180.9
1620000 174.0
1625000 178.0
1630000 168.6
1635000 179.5
1640000 177.2
1645000 177.3
1650000 172.8
1655000 173.2
1660000 165.4
1665000 171.2
1670000 171.8
1675000 177.7
1680000 179.3
1685000 171.6
1690000 186.6
1695000 182.0
1700000 174.6
1705000 182.2
1710000 179.3
1715000 176.0
1720000 168.0
1725000 185.9
1730000 189.7
1735000 176.5
1740000 181.2
1745000 176.6
1750000 185.2
1755000 173.9
1760000 175.1
1765000 181.6
1770000 177.6
1775000 180.6
1780000 181.7
1785000 181.6
1790000 179.8
1795000 176.4
1800000 178.5
1805000 185.2
1810000 187.6
1815000 173.3
1820000 172.6
1825000 178.3
1830000 181.0
1835000 187.6
1840000 188.6
1845000 180.0
1850000 183.0
1855000 178.4
1860000 181.2
1865000 175.9
1870000 173.6
1875000 178.6
1880000 178.3
1885000 180.2
1890000 181.9
1895000 188.6
1900000 177.1
1905000 189.0
1910000 186.1
1915000 179.9
1920000 184.6
1925000 174.6
1930000 182.9
1935000 182.1
1940000 180.6
1945000 177.4
1950000 191.2
1955000 179.8
1960000 184.7
1965000 178.4
1970000 183.9
1975000 191.8
1980000 188.4
1985000 185.3
1990000 181.0
1995000 182.9
2000000 184.8
