5000 1.1
10000 0.6
15000 0.7
20000 0.8
25000 1.0
30000 0.4
35000 1.1
40000 0.8
45000 0.8
50000 0.6
55000 0.9
60000 0.5
65000 1.3
70000 0.8
75000 0.8
80000 0.9
85000 1.1
90000 1.1
95000 1.1
100000 1.0
105000 0.8
110000 1.3
115000 1.0
120000 0.9
125000 1.0
130000 1.0
135000 1.0
140000 0.8
145000 1.1
150000 1.1
155000 4.3
160000 4.1
165000 11.7
170000 16.9
175000 21.8
180000 19.7
185000 16.5
190000 9.3
195000 38.4
200000 40.1
205000 24.8
210000 40.8
215000 36.6
220000 42.6
225000 34.7
230000 42.5
235000 50.7
240000 44.6
245000 55.7
250000 57.7
255000 49.1
260000 63.4
265000 51.7
270000 47.9
275000 66.9
280000 66.9
285000 56.4
290000 55.6
295000 64.2
300000 68.6
305000 74.1
310000 64.0
315000 71.5
320000 73.2
325000 67.7
330000 76.0
335000 72.9
340000 78.6
345000 82.0
350000 89.1
355000 84.3
360000 91.0
365000 87.6
370000 87.9
375000 88.7
380000 83.5
385000 85.4
390000 85.5
395000 84.7
400000 85.1
405000 91.6
410000 92.6
415000 93.8
420000 91.2
425000 92.4
430000 87.6
435000 88.4
440000 92.9
445000 80.2
450000 86.4
455000 90.6
460000 93.8
465000 96.9
470000 94.4
475000 99.3
480000 99.1
485000 98.9
490000 95.6
495000 97.1
500000 101.5
505000 94.4
510000 38.4
515000 3.2
520000 3.7
525000 11.9
530000 81.9
535000 98.1
540000 103.1
545000 103.2
550000 107.0
555000 100.6
560000 102.7
565000 105.1
570000 110.4
575000 107.3
580000 106.4
585000 110.0
590000 108.8
595000 103.3
600000 105.6
605000 107.8
610000 106.8
615000 102.2
620000 99.8
625000 108.8
630000 109.1
635000 107.1
640000 109.0
645000 112.6
650000 111.4
655000 114.1
660000 114.3
665000 113.8
670000 114.3
675000 115.0
680000 114.9
685000 115.7
690000 114.9
695000 116.3
700000 113.5
705000 115.8
710000 118.3
715000 119.1
720000 122.1
725000 119.1
730000 116.4
735000 119.2
740000 19.4
745000 1.0
750000 0.9
755000 1.5
760000 56.7
765000 91.1
770000 110.8
775000 113.5
780000 108.3
785000 118.3
790000 112.7
795000 105.0
800000 117.7
805000 124.8
810000 113.5
815000 130.0
820000 134.4
825000 127.0
830000 130.6
835000 131.2
840000 141.9
845000 141.7
850000 139.7
855000 140.5
860000 142.7
865000 139.8
870000 139.2
875000 139.7
880000 147.0
885000 143.2
890000 145.5
895000 144.8
900000 142.2
905000 149.1
910000 142.4
915000 8.6
920000 16.9
925000 128.4
930000 145.2
935000 139.2
940000 143.0
945000 137.3
950000 148.3
955000 140.9
960000 151.8
965000 147.6
970000 149.8
975000 143.2
980000 155.1
985000 153.1
990000 145.0
995000 156.4
1000000 148.9
1005000 120.8
1010000 108.1
1015000 115.4
1020000 113.4
1025000 113.6
1030000 117.5
1035000 109.9
1040000 116.4
1045000 117.0
1050000 116.2
1055000 132.5
1060000 122.2
1065000 122.6
1070000 128.3
1075000 125.3
1080000 131.2
1085000 126.8
1090000 122.7
1095000 126.8
1100000 126.9
1105000 131.0
1110000 127.2
1115000 133.6
1120000 137.3
1125000 132.3
1130000 143.9
1135000 143.0
1140000 156.8
1145000 134.6
1150000 146.9
1155000 145.4
1160000 147.0
1165000 139.8
1170000 151.4
1175000 149.4
1180000 148.3
1185000 143.6
1190000 146.5
1195000 159.6
1200000 156.2
1205000 158.7
1210000 161.9
1215000 162.4
1220000 175.3
1225000 167.9
1230000 160.7
1235000 170.8
1240000 157.0
1245000 180.9
1250000 168.7
1255000 179.9
1260000 182.9
1265000 172.5
1270000 178.4
1275000 164.7
1280000 181.0
1285000 158.7
1290000 170.4
1295000 172.0
1300000 175.4
1305000 171.4
1310000 180.4
1315000 182.6
1320000 181.5
1325000 148.4
1330000 181.5
1335000 179.8
1340000 147.8
1345000 188.5
1350000 169.0
1355000 165.1
1360000 174.8
1365000 173.9
1370000 189.2
1375000 184.0
1380000 190.8
1385000 185.9
1390000 178.1
1395000 183.4
1400000 186.3
1405000 186.4
1410000 186.9
1415000 184.5
1420000 168.8
1425000 180.9
1430000 173.0
1435000 195.1
1440000 191.7
1445000 177.9
1450000 196.0
1455000 190.7
1460000 197.7
1465000 190.9
1470000 195.3
1475000 196.3
1480000 193.3
1485000 193.6
1490000 193.0
1495000 194.1
1500000 192.0
1505000 202.3
1510000 199.2
1515000 189.5
1520000 192.9
1525000 177.3
1530000 191.7
1535000 187.7
1540000 202.4
1545000 193.4
1550000 194.4
1555000 190.9
1560000 195.1
1565000 181.9
1570000 199.2
1575000 197.0
1580000 201.2
1585000 192.9
1590000 190.8
1595000 196.8
1600000 189.4
1605000 199.7
1610000 192.3
1615000 186.7
1620000 191.4
1625000 198.1
1630000 199.5
1635000 194.9
1640000 193.2
1645000 180.8
1650000 193.0
1655000 193.2
1660000 187.6
1665000 193.5
1670000 200.2
1675000 196.4
1680000 204.0
1685000 203.3
1690000 188.2
1695000 196.1
1700000 201.6
1705000 194.1
1710000 197.8
1715000 200.4
1720000 201.8
1725000 203.7
1730000 197.1
1735000 204.4
1740000 201.9
1745000 208.1
1750000 194.9
1755000 211.0
1760000 202.4
1765000 164.6
1770000 0.6
1775000 0.7
1780000 0.6
1785000 1.0
1790000 1.0
1795000 1.2
1800000 1.2
1805000 0.9
1810000 26.5
1815000 98.5
1820000 110.1
1825000 146.5
1830000 189.9
1835000 205.0
1840000 194.8
1845000 197.7
1850000 179.5
1855000 165.8
1860000 210.1
1865000 179.2
1870000 159.9
1875000 151.1
1880000 206.3
1885000 191.1
1890000 210.6
1895000 197.6
1900000 184.4
1905000 192.7
1910000 204.0
1915000 209.0
1920000 211.3
1925000 209.0
1930000 208.5
1935000 207.3
1940000 198.4
1945000 197.0
1950000 206.1
1955000 207.7
1960000 207.1
1965000 218.0
1970000 208.3
1975000 205.7
1980000 212.4
1985000 211.1
1990000 171.8
1995000 211.3
2000000 188.6
