5000 0.9
10000 1.1
15000 1.1
20000 1.3
25000 1.2
30000 1.2
35000 1.7
40000 1.1
45000 1.0
50000 0.9
55000 1.0
60000 1.1
65000 1.0
70000 1.2
75000 1.3
80000 1.2
85000 1.2
90000 2.6
95000 1.5
100000 1.3
105000 1.2
110000 2.0
115000 1.6
120000 1.5
125000 1.5
130000 1.7
135000 1.6
140000 1.6
145000 1.5
150000 1.4
155000 1.7
160000 1.8
165000 1.6
170000 1.1
175000 1.0
180000 1.2
185000 3.1
190000 1.9
195000 1.7
200000 2.2
205000 1.7
210000 2.6
215000 1.8
220000 2.0
225000 3.2
230000 1.8
235000 2.0
240000 1.8
245000 2.4
250000 2.0
255000 4.5
260000 4.8
265000 3.5
270000 2.9
275000 3.3
280000 2.2
285000 2.9
290000 1.7
295000 2.7
300000 2.6
305000 2.2
310000 3.6
315000 3.5
320000 1.5
325000 1.6
330000 4.8
335000 7.6
340000 6.4
345000 24.5
350000 36.7
355000 36.1
360000 48.1
365000 87.4
370000 132.6
375000 141.7
380000 111.9
385000 187.2
390000 146.0
395000 171.6
400000 217.9
405000 195.1
410000 206.0
415000 243.7
420000 227.2
425000 205.1
430000 236.9
435000 266.2
440000 256.5
445000 254.5
450000 270.4
455000 264.4
460000 268.8
465000 274.5
470000 278.4
475000 252.5
480000 149.9
485000 41.1
490000 49.7
495000 54.7
500000 8.7
505000 22.3
510000 162.1
515000 315.6
520000 326.7
525000 67.3
530000 52.9
535000 324.0
540000 328.6
545000 319.0
550000 300.8
555000 317.5
560000 322.1
565000 332.6
570000 333.2
575000 320.7
580000 325.3
585000 311.9
590000 305.8
595000 348.8
600000 350.3
605000 363.5
610000 357.9
615000 356.4
620000 363.8
625000 349.7
630000 359.2
635000 329.9
640000 340.7
645000 361.3
650000 386.3
655000 377.4
660000 372.6
665000 393.5
670000 396.6
675000 369.6
680000 401.6
685000 392.8
690000 399.3
695000 419.4
700000 399.4
705000 379.8
710000 117.6
715000 4.4
720000 5.5
725000 176.0
730000 366.9
735000 390.6
740000 392.6
745000 404.2
750000 425.1
755000 407.5
760000 415.3
765000 422.2
770000 427.1
775000 435.1
780000 424.8
785000 420.2
790000 381.0
795000 437.0
800000 439.9
805000 445.6
810000 410.3
815000 266.5
820000 354.2
825000 450.7
830000 444.5
835000 463.4
840000 447.8
845000 433.4
850000 437.2
855000 463.1
860000 459.4
865000 409.6
870000 457.2
875000 458.9
880000 458.0
885000 449.8
890000 450.0
895000 444.4
900000 462.8
905000 455.6
910000 473.4
915000 466.0
920000 472.3
925000 468.9
930000 467.2
935000 481.7
940000 475.7
945000 486.0
950000 469.1
955000 464.7
960000 473.2
965000 474.8
970000 488.1
975000 501.5
980000 487.4
985000 482.5
990000 482.9
995000 498.1
1000000 482.6
1005000 361.6
1010000 353.9
1015000 381.9
1020000 338.2
1025000 321.6
1030000 305.4
1035000 373.2
1040000 359.1
1045000 377.6
1050000 376.9
1055000 363.4
1060000 400.5
1065000 402.1
1070000 425.1
1075000 396.4
1080000 430.6
1085000 444.5
1090000 421.9
1095000 412.0
1100000 397.9
1105000 423.7
1110000 423.7
1115000 414.3
1120000 460.1
1125000 453.8
1130000 443.4
1135000 431.2
1140000 461.0
1145000 420.6
1150000 473.2
1155000 419.7
1160000 412.9
1165000 486.6
1170000 489.0
1175000 464.3
1180000 480.5
1185000 492.7
1190000 494.6
1195000 494.6
1200000 510.1
1205000 460.2
1210000 510.0
1215000 507.6
1220000 489.6
1225000 492.6
1230000 506.8
1235000 491.7
1240000 454.9
1245000 504.2
1250000 444.0
1255000 517.8
1260000 491.3
1265000 534.1
1270000 523.2
1275000 511.8
1280000 529.9
1285000 511.0
1290000 499.6
1295000 528.8
1300000 518.1
1305000 517.0
1310000 515.3
1315000 516.5
1320000 512.0
1325000 519.7
1330000 561.8
1335000 526.9
1340000 524.9
1345000 516.6
1350000 522.5
1355000 543.5
1360000 555.8
1365000 542.8
1370000 549.8
1375000 508.0
1380000 532.7
1385000 537.1
1390000 517.1
1395000 500.3
1400000 564.5
1405000 527.5
1410000 434.3
1415000 176.8
1420000 1.5
1425000 213.1
1430000 542.4
1435000 577.7
1440000 555.2
1445000 545.9
1450000 573.0
1455000 572.3
1460000 601.2
1465000 578.4
1470000 586.0
1475000 574.8
1480000 587.7
1485000 574.9
1490000 586.8
1495000 586.2
1500000 582.8
1505000 583.1
1510000 607.8
1515000 592.6
1520000 576.6
1525000 597.6
1530000 577.0
1535000 584.0
1540000 603.4
1545000 604.3
1550000 601.0
1555000 594.2
1560000 605.3
1565000 598.1
1570000 610.1
1575000 617.6
1580000 613.3
1585000 608.7
1590000 609.3
1595000 618.4
1600000 615.3
1605000 621.5
1610000 613.8
1615000 546.6
1620000 627.6
1625000 621.5
1630000 607.7
1635000 628.7
1640000 609.1
1645000 623.0
1650000 605.8
1655000 630.2
1660000 635.4
1665000 625.8
1670000 635.9
1675000 624.5
1680000 628.5
1685000 632.4
1690000 643.7
1695000 633.0
1700000 636.2
1705000 631.6
1710000 624.3
1715000 625.9
1720000 642.6
1725000 627.5
1730000 640.9
1735000 638.9
1740000 627.0
1745000 662.0
1750000 647.9
1755000 650.2
1760000 655.9
1765000 643.3
1770000 636.5
1775000 641.3
1780000 652.4
1785000 647.0
1790000 642.3
1795000 666.7
1800000 647.2
1805000 661.6
1810000 649.7
1815000 662.6
1820000 674.5
1825000 651.4
1830000 647.7
1835000 675.6
1840000 662.4
1845000 670.1
1850000 662.4
1855000 685.6
1860000 677.6
1865000 684.5
1870000 662.1
1875000 678.3
1880000 669.6
1885000 682.3
1890000 699.8
1895000 692.9
1900000 708.5
1905000 682.8
1910000 699.9
1915000 675.2
1920000 686.0
1925000 732.6
1930000 682.2
1935000 733.7
1940000 723.9
1945000 709.6
1950000 714.0
1955000 671.3
1960000 699.7
1965000 734.1
1970000 747.5
1975000 739.7
1980000 759.0
1985000 737.1
1990000 741.9
1995000 780.2
2000000 746.3
