5000 1.1
10000 1.1
15000 0.9
20000 1.2
25000 1.1
30000 0.6
35000 1.4
40000 0.9
45000 0.9
50000 0.8
55000 0.9
60000 0.8
65000 1.6
70000 1.0
75000 1.5
80000 1.0
85000 1.2
90000 1.3
95000 1.3
100000 1.2
105000 1.6
110000 0.8
115000 0.9
120000 1.6
125000 1.4
130000 1.6
135000 1.6
140000 1.5
145000 1.9
150000 1.6
155000 1.7
160000 1.9
165000 2.0
170000 1.1
175000 1.5
180000 1.1
185000 1.1
190000 2.0
195000 1.3
200000 1.4
205000 1.5
210000 1.1
215000 2.1
220000 2.1
225000 1.1
230000 1.5
235000 3.4
240000 37.5
245000 17.1
250000 29.5
255000 69.8
260000 115.8
265000 220.9
270000 215.8
275000 268.4
280000 264.1
285000 276.2
290000 275.1
295000 319.1
300000 297.4
305000 332.2
310000 304.8
315000 324.1
320000 341.7
325000 357.6
330000 370.2
335000 389.2
340000 378.0
345000 377.8
350000 390.2
355000 391.4
360000 408.9
365000 429.1
370000 411.0
375000 431.0
380000 360.9
385000 431.8
390000 437.0
395000 448.8
400000 438.1
405000 431.6
410000 373.9
415000 427.1
420000 449.7
425000 441.2
430000 433.4
435000 464.2
440000 436.4
445000 431.1
450000 463.1
455000 428.1
460000 479.3
465000 465.1
470000 471.9
475000 494.5
480000 492.6
485000 398.6
490000 494.0
495000 499.5
500000 483.9
505000 430.5
510000 497.7
515000 450.6
520000 504.9
525000 512.6
530000 451.7
535000 505.0
540000 518.0
545000 505.8
550000 515.7
555000 492.8
560000 510.7
565000 528.9
570000 528.1
575000 516.0
580000 526.7
585000 526.7
590000 537.2
595000 540.5
600000 537.6
605000 519.6
610000 535.5
615000 518.4
620000 537.2
625000 550.9
630000 489.5
635000 544.0
640000 517.7
645000 547.2
650000 530.2
655000 542.5
660000 549.8
665000 547.6
670000 539.1
675000 532.4
680000 534.9
685000 538.7
690000 539.9
695000 552.8
700000 554.4
705000 495.7
710000 551.3
715000 515.4
720000 570.3
725000 565.4
730000 560.6
735000 530.6
740000 537.8
745000 522.2
750000 498.2
755000 549.5
760000 567.6
765000 520.6
770000 288.6
775000 562.6
780000 576.1
785000 473.7
790000 580.9
795000 573.3
800000 580.6
805000 572.3
810000 579.6
815000 587.0
820000 591.1
825000 593.9
830000 584.0
835000 586.5
840000 596.1
845000 604.1
850000 599.3
855000 607.2
860000 608.9
865000 600.3
870000 617.4
875000 600.2
880000 601.7
885000 612.3
890000 618.2
895000 628.7
900000 611.5
905000 607.0
910000 607.1
915000 600.9
920000 602.2
925000 610.1
930000 605.8
935000 612.9
940000 615.8
945000 618.1
950000 605.4
955000 623.4
960000 612.7
965000 611.7
970000 634.5
975000 607.4
980000 617.4
985000 638.8
990000 541.3
995000 548.4
1000000 588.7
1005000 300.3
1010000 409.5
1015000 447.4
1020000 432.1
1025000 444.1
1030000 465.2
1035000 506.4
1040000 434.1
1045000 501.6
1050000 517.0
1055000 407.5
1060000 491.1
1065000 382.0
1070000 487.1
1075000 523.7
1080000 517.5
1085000 542.7
1090000 554.1
1095000 537.3
1100000 537.9
1105000 514.2
1110000 497.6
1115000 468.5
1120000 552.7
1125000 554.3
1130000 555.8
1135000 549.7
1140000 543.4
1145000 520.1
1150000 529.0
1155000 504.1
1160000 583.8
1165000 546.6
1170000 552.7
1175000 562.4
1180000 554.8
1185000 566.5
1190000 587.9
1195000 571.1
1200000 446.2
1205000 528.1
1210000 600.1
1215000 595.6
1220000 521.9
1225000 562.0
1230000 545.8
1235000 473.0
1240000 529.4
1245000 520.8
1250000 622.2
1255000 617.7
1260000 619.5
1265000 585.5
1270000 593.3
1275000 598.8
1280000 594.2
1285000 595.9
1290000 624.5
1295000 611.7
1300000 561.6
1305000 605.7
1310000 563.2
1315000 586.0
1320000 599.7
1325000 613.1
1330000 618.7
1335000 638.6
1340000 637.8
1345000 647.2
1350000 637.2
1355000 656.5
1360000 685.6
1365000 651.7
1370000 643.2
1375000 647.9
1380000 645.2
1385000 652.5
1390000 674.0
1395000 645.1
1400000 658.0
1405000 675.0
1410000 683.8
1415000 667.1
1420000 668.3
1425000 649.8
1430000 671.5
1435000 682.0
1440000 696.4
1445000 631.1
1450000 677.5
1455000 693.4
1460000 684.7
1465000 694.9
1470000 691.2
1475000 682.2
1480000 680.0
1485000 684.3
1490000 674.7
1495000 680.4
1500000 689.4
1505000 682.9
1510000 674.4
1515000 684.8
1520000 703.7
1525000 709.4
1530000 690.0
1535000 692.7
1540000 683.1
1545000 686.7
1550000 699.0
1555000 705.8
1560000 728.7
1565000 712.3
1570000 711.1
1575000 705.5
1580000 721.9
1585000 717.3
1590000 738.9
1595000 730.8
1600000 718.7
1605000 725.4
1610000 719.8
1615000 741.3
1620000 701.6
1625000 725.6
1630000 715.2
1635000 753.6
1640000 732.5
1645000 758.4
1650000 744.9
1655000 748.7
1660000 728.7
1665000 760.3
1670000 755.2
1675000 746.3
1680000 783.6
1685000 731.4
1690000 786.2
1695000 754.6
1700000 775.8
1705000 777.7
1710000 779.1
1715000 787.2
1720000 745.4
1725000 788.3
1730000 781.3
1735000 775.0
1740000 792.3
1745000 770.7
1750000 779.5
1755000 795.0
1760000 784.3
1765000 790.4
1770000 799.7
1775000 809.9
1780000 759.5
1785000 783.8
1790000 779.2
1795000 820.0
1800000 800.2
1805000 826.0
1810000 805.4
1815000 813.8
1820000 814.5
1825000 813.1
1830000 790.2
1835000 491.1
1840000 27.8
1845000 4.8
1850000 1.3
1855000 12.7
1860000 1.6
1865000 5.0
1870000 85.1
1875000 81.2
1880000 248.6
1885000 349.2
1890000 528.4
1895000 447.4
1900000 691.1
1905000 285.9
1910000 233.9
1915000 2.3
1920000 3.3
1925000 14.8
1930000 29.8
1935000 274.8
1940000 683.6
1945000 710.8
1950000 740.5
1955000 796.1
1960000 799.5
1965000 830.9
1970000 823.1
1975000 819.5
1980000 827.4
1985000 809.5
1990000 846.8
1995000 829.5
2000000 845.1
