5000 1.9
10000 1.5
15000 1.0
20000 1.4
25000 1.2
30000 0.8
35000 1.0
40000 1.0
45000 1.0
50000 1.1
55000 1.0
60000 0.9
65000 1.4
70000 1.3
75000 0.9
80000 1.4
85000 0.8
90000 1.3
95000 1.3
100000 1.4
105000 1.2
110000 1.9
115000 1.5
120000 1.6
125000 1.7
130000 1.4
135000 1.1
140000 1.4
145000 1.6
150000 2.8
155000 1.4
160000 1.7
165000 2.2
170000 1.5
175000 1.6
180000 1.3
185000 2.4
190000 1.9
195000 1.9
200000 1.5
205000 1.4
210000 2.6
215000 1.9
220000 2.0
225000 3.0
230000 2.5
235000 17.7
240000 17.8
245000 4.6
250000 18.3
255000 17.4
260000 20.9
265000 38.6
270000 55.2
275000 91.4
280000 91.3
285000 84.8
290000 93.1
295000 135.3
300000 120.7
305000 160.2
310000 176.0
315000 144.5
320000 140.7
325000 204.2
330000 165.1
335000 185.0
340000 175.0
345000 190.7
350000 208.4
355000 207.1
360000 245.4
365000 246.2
370000 223.7
375000 253.4
380000 248.1
385000 200.3
390000 187.9
395000 157.5
400000 199.3
405000 253.7
410000 231.0
415000 236.0
420000 304.9
425000 50.6
430000 217.3
435000 277.4
440000 220.1
445000 62.0
450000 128.8
455000 269.8
460000 294.7
465000 332.7
470000 296.3
475000 327.4
480000 212.5
485000 59.8
490000 17.8
495000 272.7
500000 333.4
505000 313.1
510000 312.8
515000 351.2
520000 349.5
525000 312.1
530000 368.7
535000 347.7
540000 347.9
545000 314.5
550000 365.6
555000 383.1
560000 362.9
565000 389.9
570000 373.4
575000 399.7
580000 399.8
585000 400.9
590000 407.4
595000 387.7
600000 392.3
605000 410.1
610000 405.8
615000 354.0
620000 400.8
625000 403.2
630000 373.9
635000 421.5
640000 401.3
645000 371.9
650000 411.3
655000 415.9
660000 424.8
665000 394.5
670000 421.8
675000 431.0
680000 428.2
685000 423.3
690000 385.8
695000 436.7
700000 442.4
705000 440.3
710000 429.1
715000 460.3
720000 435.0
725000 440.2
730000 436.7
735000 447.1
740000 440.2
745000 471.4
750000 452.8
755000 446.2
760000 474.1
765000 471.3
770000 470.3
775000 479.5
780000 456.9
785000 471.6
790000 481.8
795000 477.0
800000 461.0
805000 485.4
810000 457.9
815000 476.3
820000 472.8
825000 464.5
830000 456.5
835000 465.2
840000 468.6
845000 489.0
850000 486.6
855000 474.2
860000 491.7
865000 501.6
870000 476.4
875000 455.4
880000 473.6
885000 488.8
890000 450.6
895000 491.9
900000 484.4
905000 487.2
910000 498.7
915000 487.3
920000 491.2
925000 503.1
930000 497.9
935000 516.5
940000 505.7
945000 516.5
950000 450.0
955000 477.7
960000 459.3
965000 484.4
970000 513.9
975000 521.9
980000 512.9
985000 524.8
990000 524.4
995000 532.9
1000000 534.4
1005000 325.8
1010000 331.0
1015000 296.8
1020000 102.1
1025000 31.6
1030000 166.0
1035000 336.6
1040000 299.1
1045000 301.3
1050000 307.0
1055000 268.3
1060000 293.0
1065000 380.3
1070000 345.4
1075000 230.6
1080000 239.6
1085000 345.1
1090000 348.6
1095000 366.2
1100000 380.1
1105000 300.0
1110000 380.8
1115000 314.6
1120000 367.4
1125000 402.3
1130000 395.8
1135000 400.0
1140000 430.3
1145000 432.3
1150000 293.5
1155000 388.5
1160000 349.8
1165000 437.4
1170000 473.6
1175000 503.8
1180000 476.7
1185000 509.5
1190000 491.8
1195000 495.8
1200000 484.9
1205000 440.8
1210000 505.9
1215000 500.6
1220000 506.2
1225000 516.7
1230000 513.6
1235000 461.0
1240000 476.1
1245000 528.2
1250000 500.9
1255000 549.0
1260000 560.7
1265000 528.5
1270000 547.4
1275000 566.2
1280000 570.5
1285000 583.1
1290000 551.6
1295000 574.8
1300000 524.4
1305000 589.3
1310000 548.5
1315000 524.0
1320000 578.6
1325000 588.6
1330000 632.8
1335000 623.1
1340000 624.5
1345000 636.3
1350000 638.8
1355000 618.5
1360000 622.3
1365000 655.4
1370000 631.0
1375000 665.7
1380000 591.2
1385000 636.2
1390000 731.1
1395000 708.8
1400000 716.9
1405000 719.4
1410000 731.7
1415000 779.8
1420000 780.9
1425000 706.1
1430000 754.6
1435000 689.7
1440000 691.4
1445000 647.5
1450000 683.3
1455000 621.9
1460000 602.7
1465000 707.7
1470000 784.4
1475000 764.1
1480000 755.5
1485000 775.6
1490000 735.8
1495000 772.0
1500000 761.3
1505000 776.4
1510000 759.2
1515000 770.9
1520000 787.9
1525000 805.9
1530000 764.7
1535000 818.2
1540000 779.7
1545000 775.0
1550000 783.2
1555000 783.2
1560000 774.3
1565000 800.6
1570000 799.1
1575000 804.1
1580000 761.6
1585000 798.3
1590000 706.1
1595000 795.6
1600000 794.3
1605000 823.2
1610000 808.4
1615000 793.2
1620000 830.0
1625000 795.0
1630000 823.4
1635000 811.5
1640000 683.2
1645000 801.9
1650000 805.7
1655000 829.1
1660000 831.4
1665000 815.4
1670000 822.4
1675000 831.9
1680000 789.2
1685000 821.6
1690000 833.5
1695000 827.8
1700000 819.0
1705000 824.7
1710000 823.3
1715000 830.6
1720000 821.6
1725000 810.0
1730000 774.1
1735000 821.4
1740000 831.5
1745000 815.9
1750000 827.3
1755000 827.0
1760000 810.2
1765000 821.3
1770000 823.5
1775000 713.6
1780000 749.3
1785000 803.1
1790000 829.6
1795000 817.6
1800000 816.9
1805000 839.4
1810000 749.8
1815000 810.1
1820000 841.5
1825000 827.1
1830000 782.1
1835000 809.3
1840000 819.1
1845000 811.3
1850000 837.3
1855000 806.5
1860000 827.0
1865000 835.0
1870000 745.4
1875000 825.0
1880000 835.8
1885000 818.1
1890000 772.7
1895000 829.1
1900000 840.7
1905000 752.2
1910000 812.3
1915000 832.5
1920000 842.9
1925000 802.8
1930000 828.1
1935000 820.5
1940000 825.1
1945000 841.9
1950000 841.4
1955000 829.9
1960000 812.6
1965000 810.8
1970000 827.2
1975000 835.2
1980000 827.6
1985000 828.1
1990000 735.3
1995000 827.6
2000000 717.7
