5000 1.3
10000 1.4
15000 1.3
20000 1.1
25000 1.0
30000 1.4
35000 0.9
40000 1.1
45000 1.0
50000 1.3
55000 1.4
60000 1.5
65000 1.3
70000 1.1
75000 1.0
80000 1.0
85000 1.3
90000 1.3
95000 1.7
100000 1.5
105000 1.7
110000 1.8
115000 1.5
120000 1.7
125000 1.3
130000 1.7
135000 1.1
140000 3.3
145000 0.9
150000 1.4
155000 1.7
160000 3.3
165000 10.3
170000 1.4
175000 3.1
180000 1.8
185000 10.3
190000 8.3
195000 61.3
200000 109.2
205000 112.8
210000 104.0
215000 150.1
220000 159.8
225000 171.1
230000 174.2
235000 195.2
240000 251.9
245000 121.8
250000 247.2
255000 247.3
260000 234.8
265000 229.9
270000 263.8
275000 285.2
280000 283.7
285000 288.6
290000 271.1
295000 297.5
300000 292.4
305000 299.3
310000 302.9
315000 302.3
320000 332.3
325000 316.4
330000 13.1
335000 332.7
340000 317.2
345000 339.1
350000 342.4
355000 350.2
360000 359.7
365000 352.4
370000 346.1
375000 372.8
380000 370.9
385000 346.4
390000 380.6
395000 380.1
400000 352.5
405000 383.6
410000 394.0
415000 379.1
420000 371.5
425000 344.0
430000 394.6
435000 383.1
440000 380.8
445000 396.5
450000 392.6
455000 387.8
460000 310.4
465000 406.9
470000 392.9
475000 408.6
480000 409.8
485000 408.7
490000 387.9
495000 411.0
500000 412.0
505000 393.9
510000 417.5
515000 417.8
520000 407.7
525000 421.0
530000 424.8
535000 428.2
540000 417.8
545000 424.6
550000 427.6
555000 428.4
560000 425.1
565000 425.7
570000 433.4
575000 428.1
580000 432.1
585000 419.7
590000 432.5
595000 450.0
600000 445.0
605000 438.7
610000 449.6
615000 454.1
620000 423.3
625000 420.1
630000 434.2
635000 453.5
640000 455.8
645000 439.2
650000 442.6
655000 446.5
660000 441.0
665000 437.7
670000 432.9
675000 277.4
680000 438.2
685000 440.9
690000 453.8
695000 446.7
700000 447.4
705000 444.8
710000 456.6
715000 466.7
720000 456.0
725000 467.7
730000 467.0
735000 461.0
740000 464.3
745000 465.6
750000 469.7
755000 470.1
760000 469.2
765000 468.6
770000 459.2
775000 302.3
780000 7.5
785000 2.0
790000 2.0
795000 1.2
800000 1.3
805000 1.0
810000 68.7
815000 296.2
820000 387.0
825000 408.2
830000 459.6
835000 456.6
840000 417.7
845000 267.6
850000 433.9
855000 478.5
860000 476.6
865000 478.5
870000 485.9
875000 474.5
880000 484.4
885000 478.5
890000 486.8
895000 477.4
900000 480.3
905000 498.0
910000 488.7
915000 493.4
920000 483.4
925000 493.1
930000 484.7
935000 476.8
940000 488.6
945000 497.6
950000 503.1
955000 492.2
960000 502.9
965000 274.6
970000 3.8
975000 222.7
980000 497.9
985000 508.2
990000 508.9
995000 490.5
1000000 508.4
1005000 415.5
1010000 408.9
1015000 398.4
1020000 398.1
1025000 404.3
1030000 421.6
1035000 423.9
1040000 436.8
1045000 413.1
1050000 395.0
1055000 341.3
1060000 426.6
1065000 414.0
1070000 424.9
1075000 449.0
1080000 449.9
1085000 429.7
1090000 447.6
1095000 459.7
1100000 460.9
1105000 461.4
1110000 466.5
1115000 480.9
1120000 455.4
1125000 478.7
1130000 479.9
1135000 468.6
1140000 474.2
1145000 469.7
1150000 501.3
1155000 494.7
1160000 500.4
1165000 516.6
1170000 499.7
1175000 521.3
1180000 540.1
1185000 512.7
1190000 514.5
1195000 530.3
1200000 540.5
1205000 535.0
1210000 534.8
1215000 550.5
1220000 551.3
1225000 561.0
1230000 558.6
1235000 562.2
1240000 573.2
1245000 583.2
1250000 563.7
1255000 577.3
1260000 571.0
1265000 598.6
1270000 574.6
1275000 617.1
1280000 573.9
1285000 598.6
1290000 592.7
1295000 566.6
1300000 610.1
1305000 639.2
1310000 649.9
1315000 630.0
1320000 623.4
1325000 658.4
1330000 634.2
1335000 610.2
1340000 623.2
1345000 692.7
1350000 641.5
1355000 701.4
1360000 690.7
1365000 698.5
1370000 685.9
1375000 758.7
1380000 727.9
1385000 724.7
1390000 727.7
1395000 755.5
1400000 742.6
1405000 759.9
1410000 759.7
1415000 778.6
1420000 713.7
1425000 785.6
1430000 761.0
1435000 746.8
1440000 767.8
1445000 788.4
1450000 810.5
1455000 791.0
1460000 815.5
1465000 820.1
1470000 803.5
1475000 795.7
1480000 745.6
1485000 813.4
1490000 832.8
1495000 845.5
1500000 831.0
1505000 747.7
1510000 839.4
1515000 805.8
1520000 566.2
1525000 663.6
1530000 742.1
1535000 804.7
1540000 806.9
1545000 746.9
1550000 843.0
1555000 832.0
1560000 839.6
1565000 841.9
1570000 830.6
1575000 839.6
1580000 820.4
1585000 848.5
1590000 841.9
1595000 830.9
1600000 841.0
1605000 829.5
1610000 839.0
1615000 809.5
1620000 851.0
1625000 833.6
1630000 848.0
1635000 845.7
1640000 832.0
1645000 818.5
1650000 842.8
1655000 828.3
1660000 835.5
1665000 839.2
1670000 836.5
1675000 833.6
1680000 843.6
1685000 848.7
1690000 824.1
1695000 849.7
1700000 843.9
1705000 844.3
1710000 832.1
1715000 821.3
1720000 841.3
1725000 828.2
1730000 841.3
1735000 835.2
1740000 844.9
1745000 850.6
1750000 824.9
1755000 841.4
1760000 835.8
1765000 843.9
1770000 845.8
1775000 838.6
1780000 847.3
1785000 852.2
1790000 837.6
1795000 850.6
1800000 847.9
1805000 843.5
1810000 847.0
1815000 843.5
1820000 834.6
1825000 836.7
1830000 814.2
1835000 853.8
1840000 754.0
1845000 849.9
1850000 837.9
1855000 828.5
1860000 841.2
1865000 827.3
1870000 852.7
1875000 837.4
1880000 845.3
1885000 827.5
1890000 818.6
1895000 835.2
1900000 851.1
1905000 838.2
1910000 827.1
1915000 850.7
1920000 847.5
1925000 825.5
1930000 849.4
1935000 832.7
1940000 858.6
1945000 831.3
1950000 847.0
1955000 831.5
1960000 849.4
1965000 861.2
1970000 830.6
1975000 859.2
1980000 846.5
1985000 839.5
1990000 849.1
1995000 853.6
2000000 858.7
