5000 1.2
10000 1.5
15000 1.0
20000 1.0
25000 1.5
30000 0.8
35000 0.7
40000 0.7
45000 1.5
50000 0.7
55000 0.8
60000 1.3
65000 1.0
70000 1.0
75000 1.3
80000 1.3
85000 0.8
90000 1.4
95000 1.4
100000 1.0
105000 1.3
110000 1.9
115000 1.1
120000 1.9
125000 1.0
130000 1.4
135000 1.4
140000 1.3
145000 1.4
150000 1.4
155000 1.5
160000 1.9
165000 1.9
170000 1.8
175000 1.3
180000 2.2
185000 1.8
190000 2.0
195000 2.0
200000 1.7
205000 1.9
210000 2.3
215000 1.3
220000 1.1
225000 2.0
230000 1.6
235000 1.3
240000 1.4
245000 1.9
250000 1.2
255000 1.1
260000 1.3
265000 2.3
270000 1.8
275000 2.1
280000 1.6
285000 1.4
290000 1.9
295000 2.3
300000 1.6
305000 1.4
310000 1.2
315000 1.2
320000 1.5
325000 1.4
330000 1.7
335000 1.2
340000 2.3
345000 2.1
350000 2.0
355000 1.1
360000 1.8
365000 1.5
370000 1.8
375000 1.1
380000 1.4
385000 1.0
390000 1.5
395000 1.1
400000 1.2
405000 1.2
410000 3.3
415000 1.5
420000 1.0
425000 2.2
430000 1.3
435000 3.6
440000 1.5
445000 1.8
450000 1.3
455000 2.1
460000 1.1
465000 1.6
470000 1.7
475000 1.1
480000 1.6
485000 1.1
490000 2.4
495000 1.5
500000 2.3
505000 1.4
510000 1.0
515000 1.0
520000 1.3
525000 0.5
530000 1.0
535000 1.2
540000 1.3
545000 1.7
550000 1.6
555000 1.2
560000 1.4
565000 1.1
570000 1.3
575000 1.9
580000 1.6
585000 1.1
590000 1.6
595000 1.2
600000 1.1
605000 1.7
610000 1.4
615000 1.3
620000 1.5
625000 1.1
630000 1.5
635000 2.0
640000 1.9
645000 1.6
650000 1.5
655000 2.2
660000 1.0
665000 1.4
670000 1.1
675000 1.5
680000 2.0
685000 1.1
690000 0.8
695000 1.3
700000 1.6
705000 1.1
710000 1.0
715000 1.1
720000 1.4
725000 1.6
730000 1.3
735000 1.2
740000 0.8
745000 1.4
750000 1.7
755000 1.6
760000 1.3
765000 1.4
770000 1.4
775000 1.3
780000 1.5
785000 2.1
790000 1.2
795000 1.2
800000 3.2
805000 1.2
810000 1.5
815000 1.7
820000 1.1
825000 1.8
830000 2.4
835000 1.4
840000 1.3
845000 1.5
850000 1.4
855000 1.1
860000 1.3
865000 1.6
870000 1.3
875000 1.0
880000 1.3
885000 1.2
890000 1.2
895000 0.9
900000 1.4
905000 1.7
910000 2.2
915000 1.2
920000 1.8
925000 0.7
930000 1.4
935000 0.9
940000 1.5
945000 1.9
950000 1.4
955000 1.5
960000 2.2
965000 1.6
970000 1.1
975000 1.3
980000 1.9
985000 1.4
990000 1.2
995000 3.4
1000000 3.4
1005000 1.9
1010000 1.5
1015000 1.5
1020000 1.8
1025000 1.6
1030000 1.5
1035000 1.9
1040000 1.1
1045000 1.0
1050000 1.2
1055000 1.5
1060000 1.1
1065000 1.4
1070000 2.1
1075000 1.2
1080000 1.8
1085000 1.9
1090000 2.5
1095000 1.9
1100000 2.4
1105000 1.3
1110000 3.4
1115000 1.6
1120000 2.4
1125000 2.2
1130000 1.9
1135000 2.1
1140000 3.5
1145000 2.4
1150000 3.0
1155000 3.1
1160000 1.9
1165000 2.4
1170000 2.6
1175000 1.9
1180000 4.0
1185000 2.1
1190000 2.2
1195000 3.2
1200000 3.0
1205000 2.1
1210000 3.3
1215000 1.4
1220000 3.0
1225000 2.5
1230000 2.5
1235000 2.3
1240000 6.3
1245000 2.3
1250000 2.8
1255000 2.5
1260000 4.4
1265000 3.1
1270000 10.7
1275000 10.0
1280000 7.8
1285000 17.3
1290000 40.3
1295000 57.7
1300000 76.2
1305000 100.8
1310000 124.9
1315000 121.1
1320000 160.3
1325000 98.0
1330000 45.2
1335000 90.4
1340000 166.4
1345000 226.1
1350000 218.7
1355000 178.3
1360000 239.8
1365000 237.0
1370000 230.6
1375000 255.3
1380000 195.7
1385000 250.5
1390000 249.1
1395000 272.2
1400000 274.7
1405000 264.8
1410000 298.4
1415000 235.8
1420000 277.2
1425000 127.0
1430000 188.8
1435000 204.3
1440000 300.8
1445000 337.3
1450000 340.9
1455000 325.5
1460000 344.3
1465000 334.4
1470000 312.6
1475000 322.7
1480000 343.0
1485000 333.0
1490000 353.2
1495000 334.8
1500000 324.4
1505000 344.2
1510000 358.6
1515000 354.7
1520000 358.2
1525000 383.5
1530000 350.9
1535000 388.4
1540000 373.0
1545000 349.2
1550000 365.8
1555000 343.9
1560000 395.5
1565000 397.3
1570000 390.1
1575000 394.1
1580000 369.0
1585000 382.6
1590000 350.6
1595000 408.4
1600000 408.5
1605000 374.2
1610000 401.9
1615000 417.1
1620000 397.6
1625000 404.8
1630000 409.5
1635000 410.4
1640000 406.5
1645000 414.6
1650000 420.5
1655000 421.8
1660000 437.2
1665000 394.0
1670000 430.3
1675000 412.0
1680000 421.7
1685000 429.3
1690000 396.3
1695000 434.6
1700000 436.8
1705000 421.3
1710000 426.1
1715000 420.1
1720000 423.5
1725000 422.3
1730000 443.3
1735000 438.9
1740000 397.4
1745000 237.9
1750000 165.9
1755000 61.8
1760000 41.0
1765000 316.3
1770000 432.8
1775000 438.6
1780000 434.9
1785000 445.9
1790000 431.3
1795000 446.8
1800000 453.6
1805000 443.7
1810000 443.4
1815000 446.5
1820000 417.1
1825000 450.4
1830000 454.6
1835000 434.6
1840000 446.6
1845000 182.9
1850000 108.8
1855000 249.6
1860000 454.0
1865000 457.6
1870000 459.5
1875000 469.4
1880000 461.3
1885000 470.0
1890000 464.3
1895000 471.6
1900000 463.5
1905000 463.8
1910000 465.7
1915000 424.7
1920000 409.7
1925000 471.0
1930000 470.3
1935000 476.0
1940000 476.8
1945000 472.5
1950000 427.4
1955000 472.2
1960000 475.8
1965000 430.6
1970000 471.7
1975000 419.5
1980000 476.8
1985000 475.5
1990000 478.3
1995000 486.0
2000000 405.0
