5000 1.1
10000 1.3
15000 1.0
20000 0.8
25000 0.7
30000 1.2
35000 0.8
40000 1.0
45000 0.9
50000 1.5
55000 1.1
60000 1.7
65000 1.6
70000 1.0
75000 1.2
80000 1.6
85000 1.5
90000 1.3
95000 1.6
100000 1.7
105000 1.6
110000 3.2
115000 2.4
120000 2.5
125000 1.9
130000 2.0
135000 1.6
140000 1.2
145000 1.5
150000 1.7
155000 1.2
160000 1.5
165000 1.7
170000 2.5
175000 3.0
180000 1.4
185000 1.3
190000 1.5
195000 2.0
200000 2.2
205000 1.4
210000 2.5
215000 1.9
220000 4.2
225000 1.7
230000 1.2
235000 1.1
240000 3.3
245000 1.3
250000 1.8
255000 2.2
260000 1.8
265000 1.1
270000 1.5
275000 0.9
280000 1.9
285000 2.1
290000 12.0
295000 1.5
300000 1.5
305000 1.3
310000 1.5
315000 3.4
320000 1.3
325000 1.2
330000 1.2
335000 2.1
340000 1.7
345000 4.5
350000 1.8
355000 3.1
360000 8.9
365000 2.3
370000 1.7
375000 2.4
380000 2.4
385000 15.4
390000 2.8
395000 5.8
400000 4.7
405000 2.4
410000 1.4
415000 1.5
420000 1.6
425000 3.0
430000 4.3
435000 2.4
440000 38.4
445000 7.5
450000 1.6
455000 4.5
460000 1.8
465000 6.2
470000 2.1
475000 27.6
480000 66.7
485000 73.0
490000 78.7
495000 121.6
500000 203.3
505000 168.0
510000 227.6
515000 159.1
520000 236.0
525000 239.0
530000 268.1
535000 263.7
540000 267.3
545000 271.9
550000 276.7
555000 318.9
560000 314.3
565000 290.4
570000 328.0
575000 311.9
580000 338.8
585000 324.0
590000 291.2
595000 352.6
600000 349.0
605000 384.2
610000 364.6
615000 354.3
620000 379.3
625000 376.3
630000 390.4
635000 378.1
640000 376.5
645000 382.1
650000 380.2
655000 403.3
660000 396.0
665000 376.3
670000 406.7
675000 322.8
680000 286.5
685000 135.3
690000 1.4
695000 68.2
700000 416.7
705000 434.1
710000 435.6
715000 443.6
720000 435.9
725000 449.9
730000 441.9
735000 452.3
740000 453.7
745000 461.0
750000 453.8
755000 472.1
760000 446.4
765000 470.0
770000 478.0
775000 462.6
780000 480.6
785000 464.4
790000 445.9
795000 490.4
800000 470.9
805000 477.5
810000 489.4
815000 502.8
820000 503.0
825000 482.9
830000 483.3
835000 499.2
840000 495.4
845000 492.9
850000 475.6
855000 488.2
860000 494.3
865000 499.8
870000 511.7
875000 490.8
880000 502.3
885000 504.7
890000 499.8
895000 481.2
900000 487.6
905000 512.1
910000 506.0
915000 502.4
920000 524.2
925000 496.8
930000 518.2
935000 505.0
940000 504.4
945000 531.9
950000 535.6
955000 532.7
960000 529.1
965000 528.0
970000 513.9
975000 530.5
980000 537.2
985000 521.7
990000 549.1
995000 531.1
1000000 537.3
1005000 450.3
1010000 462.9
1015000 440.1
1020000 407.0
1025000 437.4
1030000 392.2
1035000 337.4
1040000 502.9
1045000 190.4
1050000 462.5
1055000 490.9
1060000 428.2
1065000 465.8
1070000 434.9
1075000 501.4
1080000 366.6
1085000 407.4
1090000 503.9
1095000 516.1
1100000 423.1
1105000 536.9
1110000 532.0
1115000 517.8
1120000 483.4
1125000 413.7
1130000 403.9
1135000 213.0
1140000 372.1
1145000 427.6
1150000 445.4
1155000 537.9
1160000 565.5
1165000 539.2
1170000 531.2
1175000 548.2
1180000 551.6
1185000 559.0
1190000 544.1
1195000 564.2
1200000 541.1
1205000 548.1
1210000 564.5
1215000 522.2
1220000 557.1
1225000 561.1
1230000 572.0
1235000 569.4
1240000 568.8
1245000 561.6
1250000 579.9
1255000 578.0
1260000 552.4
1265000 573.9
1270000 551.5
1275000 573.3
1280000 581.3
1285000 566.5
1290000 589.5
1295000 509.6
1300000 575.6
1305000 581.5
1310000 584.9
1315000 578.7
1320000 594.2
1325000 588.2
1330000 595.3
1335000 596.7
1340000 584.7
1345000 591.1
1350000 598.7
1355000 603.4
1360000 593.8
1365000 579.7
1370000 614.8
1375000 566.6
1380000 608.5
1385000 616.9
1390000 592.1
1395000 601.9
1400000 611.7
1405000 621.3
1410000 623.0
1415000 620.4
1420000 555.7
1425000 631.1
1430000 619.0
1435000 621.5
1440000 613.2
1445000 620.7
1450000 626.8
1455000 635.2
1460000 634.3
1465000 570.4
1470000 647.5
1475000 647.4
1480000 648.2
1485000 655.0
1490000 601.9
1495000 642.4
1500000 622.5
1505000 656.0
1510000 655.8
1515000 666.0
1520000 672.6
1525000 669.4
1530000 670.8
1535000 654.7
1540000 668.6
1545000 664.1
1550000 678.9
1555000 680.2
1560000 643.6
1565000 680.8
1570000 720.5
1575000 732.7
1580000 700.7
1585000 701.3
1590000 719.6
1595000 706.4
1600000 713.0
1605000 730.2
1610000 733.6
1615000 779.5
1620000 716.4
1625000 737.9
1630000 747.0
1635000 757.7
1640000 648.0
1645000 738.8
1650000 725.2
1655000 725.3
1660000 755.0
1665000 735.7
1670000 765.6
1675000 735.5
1680000 752.0
1685000 742.9
1690000 768.2
1695000 723.0
1700000 756.6
1705000 769.0
1710000 757.8
1715000 741.2
1720000 721.1
1725000 765.9
1730000 781.8
1735000 768.2
1740000 780.9
1745000 729.7
1750000 757.0
1755000 761.9
1760000 799.5
1765000 780.1
1770000 730.7
1775000 808.0
1780000 746.7
1785000 786.6
1790000 764.7
1795000 794.0
1800000 777.4
1805000 781.4
1810000 795.2
1815000 784.4
1820000 780.5
1825000 719.6
1830000 791.9
1835000 790.6
1840000 780.7
1845000 794.1
1850000 780.0
1855000 800.2
1860000 791.3
1865000 779.8
1870000 792.4
1875000 781.1
1880000 801.7
1885000 793.9
1890000 688.5
1895000 53.8
1900000 104.5
1905000 135.3
1910000 246.7
1915000 353.8
1920000 270.9
1925000 433.4
1930000 531.8
1935000 619.7
1940000 727.4
1945000 748.8
1950000 802.5
1955000 770.6
1960000 795.8
1965000 781.1
1970000 792.8
1975000 788.6
1980000 824.0
1985000 800.9
1990000 806.1
1995000 722.5
2000000 811.3
