5000 0.6
10000 1.7
15000 1.1
20000 1.2
25000 1.0
30000 1.1
35000 0.9
40000 1.4
45000 1.0
50000 1.2
55000 1.1
60000 1.5
65000 1.5
70000 1.2
75000 1.3
80000 1.5
85000 1.7
90000 1.8
95000 1.1
100000 1.2
105000 1.2
110000 1.7
115000 1.2
120000 1.7
125000 2.0
130000 1.4
135000 0.9
140000 1.4
145000 3.0
150000 2.2
155000 2.5
160000 1.9
165000 2.8
170000 5.6
175000 12.2
180000 19.8
185000 13.6
190000 51.6
195000 45.2
200000 38.8
205000 24.4
210000 61.8
215000 107.4
220000 100.2
225000 141.4
230000 89.8
235000 44.0
240000 24.7
245000 65.3
250000 222.9
255000 204.7
260000 215.4
265000 217.8
270000 219.8
275000 233.5
280000 229.6
285000 108.7
290000 53.2
295000 52.8
300000 103.2
305000 233.1
310000 262.8
315000 251.1
320000 257.2
325000 244.9
330000 302.4
335000 308.2
340000 280.5
345000 252.9
350000 293.4
355000 224.8
360000 305.1
365000 292.0
370000 251.1
375000 280.7
380000 87.9
385000 148.7
390000 182.6
395000 344.4
400000 346.1
405000 342.0
410000 310.3
415000 372.7
420000 351.9
425000 346.9
430000 351.5
435000 297.0
440000 369.9
445000 360.0
450000 351.6
455000 362.8
460000 374.1
465000 342.0
470000 399.8
475000 386.4
480000 391.4
485000 393.3
490000 377.1
495000 288.0
500000 265.3
505000 327.8
510000 414.2
515000 418.2
520000 421.6
525000 438.1
530000 428.2
535000 409.6
540000 418.4
545000 406.1
550000 437.9
555000 371.3
560000 419.0
565000 419.4
570000 418.8
575000 417.1
580000 425.5
585000 439.0
590000 458.4
595000 443.0
600000 460.1
605000 451.4
610000 435.9
615000 425.7
620000 447.5
625000 437.8
630000 436.9
635000 459.5
640000 455.4
645000 458.0
650000 450.8
655000 457.5
660000 460.3
665000 461.6
670000 463.5
675000 449.9
680000 438.9
685000 479.1
690000 464.9
695000 445.8
700000 458.9
705000 475.6
710000 455.5
715000 462.1
720000 479.2
725000 361.3
730000 457.7
735000 449.0
740000 378.1
745000 448.5
750000 485.1
755000 491.2
760000 497.3
765000 508.3
770000 505.4
775000 484.9
780000 498.6
785000 496.4
790000 503.8
795000 470.4
800000 494.5
805000 481.3
810000 264.7
815000 16.9
820000 1.1
825000 1.8
830000 1.1
835000 57.6
840000 333.9
845000 405.9
850000 401.5
855000 450.5
860000 483.7
865000 467.4
870000 500.7
875000 498.8
880000 474.2
885000 531.8
890000 528.2
895000 506.5
900000 539.4
905000 529.5
910000 526.9
915000 547.1
920000 524.3
925000 534.4
930000 528.8
935000 533.1
940000 541.2
945000 547.1
950000 529.6
955000 550.0
960000 569.3
965000 560.0
970000 564.6
975000 539.3
980000 531.1
985000 505.3
990000 164.1
995000 27.6
1000000 201.1
1005000 365.2
1010000 364.0
1015000 359.3
1020000 318.3
1025000 270.3
1030000 346.1
1035000 309.3
1040000 297.1
1045000 378.5
1050000 449.7
1055000 436.8
1060000 378.9
1065000 382.0
1070000 388.6
1075000 433.2
1080000 465.9
1085000 393.3
1090000 489.4
1095000 502.1
1100000 497.7
1105000 464.9
1110000 505.2
1115000 443.4
1120000 486.6
1125000 502.6
1130000 510.4
1135000 511.6
1140000 522.0
1145000 551.2
1150000 440.8
1155000 552.1
1160000 523.1
1165000 494.2
1170000 591.0
1175000 566.4
1180000 562.8
1185000 619.1
1190000 502.1
1195000 500.2
1200000 572.5
1205000 606.5
1210000 592.5
1215000 591.9
1220000 619.8
1225000 567.6
1230000 601.7
1235000 607.1
1240000 588.8
1245000 601.2
1250000 616.4
1255000 657.2
1260000 587.5
1265000 630.7
1270000 686.3
1275000 669.4
1280000 666.4
1285000 710.4
1290000 759.5
1295000 726.0
1300000 745.8
1305000 741.7
1310000 747.0
1315000 698.9
1320000 756.2
1325000 745.2
1330000 765.0
1335000 794.3
1340000 608.9
1345000 795.6
1350000 805.0
1355000 743.9
1360000 775.6
1365000 715.0
1370000 744.0
1375000 668.0
1380000 763.9
1385000 788.2
1390000 799.7
1395000 742.1
1400000 710.5
1405000 783.1
1410000 772.4
1415000 757.5
1420000 811.4
1425000 756.5
1430000 775.3
1435000 646.4
1440000 468.0
1445000 756.7
1450000 788.0
1455000 735.7
1460000 812.0
1465000 791.3
1470000 817.6
1475000 768.9
1480000 801.6
1485000 825.6
1490000 840.4
1495000 837.9
1500000 813.1
1505000 791.1
1510000 845.8
1515000 838.4
1520000 831.3
1525000 724.8
1530000 508.3
1535000 87.1
1540000 86.3
1545000 62.5
1550000 7.2
1555000 14.6
1560000 49.1
1565000 12.6
1570000 12.8
1575000 202.3
1580000 83.5
1585000 169.5
1590000 347.9
1595000 570.9
1600000 784.2
1605000 733.0
1610000 473.1
1615000 434.1
1620000 720.1
1625000 677.9
1630000 795.8
1635000 833.0
1640000 848.9
1645000 844.2
1650000 821.9
1655000 836.0
1660000 848.1
1665000 843.5
1670000 849.0
1675000 840.0
1680000 856.1
1685000 853.0
1690000 846.3
1695000 836.5
1700000 845.6
1705000 856.4
1710000 850.9
1715000 846.3
1720000 842.9
1725000 851.1
1730000 847.7
1735000 850.9
1740000 836.4
1745000 836.1
1750000 838.8
1755000 836.3
1760000 847.5
1765000 844.3
1770000 854.5
1775000 850.5
1780000 853.9
1785000 846.2
1790000 839.9
1795000 846.8
1800000 841.9
1805000 847.0
1810000 847.9
1815000 856.6
1820000 851.6
1825000 843.5
1830000 846.0
1835000 842.4
1840000 849.1
1845000 851.9
1850000 849.8
1855000 855.9
1860000 843.5
1865000 846.7
1870000 852.5
1875000 850.6
1880000 845.8
1885000 852.7
1890000 845.3
1895000 848.0
1900000 830.9
1905000 840.6
1910000 850.0
1915000 862.1
1920000 844.3
1925000 854.0
1930000 827.5
1935000 845.8
1940000 845.0
1945000 835.9
1950000 852.9
1955000 841.6
1960000 852.3
1965000 1.5
1970000 3.0
1975000 738.9
1980000 837.9
1985000 829.1
1990000 845.2
1995000 842.4
2000000 840.4
