5000 1.4
10000 2.0
15000 1.1
20000 0.6
25000 1.1
30000 1.2
35000 1.6
40000 0.9
45000 1.1
50000 1.3
55000 1.4
60000 2.2
65000 1.4
70000 1.9
75000 1.0
80000 1.4
85000 1.2
90000 1.1
95000 1.5
100000 1.3
105000 1.6
110000 1.6
115000 1.9
120000 1.5
125000 1.1
130000 1.4
135000 1.7
140000 2.0
145000 3.2
150000 1.7
155000 1.6
160000 3.3
165000 1.4
170000 1.9
175000 2.1
180000 1.8
185000 2.1
190000 3.2
195000 1.5
200000 1.5
205000 1.6
210000 2.3
215000 4.8
220000 2.5
225000 3.1
230000 1.7
235000 2.4
240000 1.3
245000 2.7
250000 2.6
255000 17.7
260000 17.4
265000 15.8
270000 47.0
275000 32.9
280000 42.8
285000 70.8
290000 77.0
295000 70.8
300000 87.7
305000 2.3
310000 1.7
315000 18.4
320000 12.1
325000 10.4
330000 27.9
335000 51.4
340000 42.2
345000 122.6
350000 103.4
355000 32.6
360000 2.1
365000 1.0
370000 10.8
375000 97.0
380000 155.9
385000 160.9
390000 127.9
395000 149.1
400000 203.3
405000 177.9
410000 203.1
415000 209.3
420000 210.2
425000 219.6
430000 206.5
435000 221.8
440000 205.7
445000 192.0
450000 206.2
455000 217.2
460000 199.4
465000 198.1
470000 109.7
475000 228.3
480000 277.6
485000 288.3
490000 279.7
495000 272.7
500000 289.1
505000 286.5
510000 288.3
515000 289.3
520000 249.2
525000 297.8
530000 303.5
535000 301.2
540000 308.0
545000 304.3
550000 320.8
555000 299.8
560000 307.3
565000 252.8
570000 296.4
575000 318.0
580000 297.1
585000 323.3
590000 325.1
595000 325.8
600000 348.9
605000 302.2
610000 321.7
615000 344.1
620000 337.2
625000 336.2
630000 348.7
635000 374.6
640000 358.9
645000 356.1
650000 356.1
655000 353.9
660000 368.1
665000 329.9
670000 362.6
675000 333.0
680000 381.3
685000 356.9
690000 377.7
695000 382.1
700000 375.4
705000 371.6
710000 374.1
715000 368.7
720000 394.4
725000 391.8
730000 341.0
735000 407.2
740000 406.2
745000 393.7
750000 401.3
755000 388.5
760000 385.3
765000 406.0
770000 395.4
775000 369.9
780000 392.7
785000 413.0
790000 405.8
795000 413.2
800000 399.7
805000 404.4
810000 411.3
815000 420.0
820000 417.0
825000 388.7
830000 372.9
835000 439.6
840000 338.8
845000 202.7
850000 27.7
855000 12.3
860000 111.0
865000 440.8
870000 382.1
875000 376.7
880000 438.7
885000 432.5
890000 429.3
895000 406.7
900000 440.5
905000 427.6
910000 445.3
915000 433.6
920000 456.9
925000 428.8
930000 446.3
935000 443.3
940000 458.0
945000 422.3
950000 454.6
955000 453.7
960000 443.6
965000 463.7
970000 450.8
975000 458.0
980000 461.4
985000 465.4
990000 448.3
995000 452.2
1000000 448.3
1005000 327.3
1010000 327.1
1015000 309.8
1020000 309.3
1025000 254.5
1030000 308.3
1035000 358.4
1040000 351.0
1045000 284.8
1050000 324.1
1055000 331.2
1060000 330.7
1065000 367.6
1070000 335.2
1075000 295.0
1080000 329.0
1085000 390.7
1090000 334.0
1095000 387.2
1100000 315.9
1105000 385.0
1110000 383.9
1115000 324.0
1120000 405.0
1125000 415.8
1130000 413.3
1135000 381.7
1140000 384.0
1145000 428.4
1150000 427.2
1155000 437.1
1160000 428.8
1165000 380.0
1170000 441.0
1175000 384.4
1180000 428.1
1185000 411.5
1190000 415.9
1195000 400.5
1200000 460.7
1205000 428.6
1210000 453.8
1215000 458.2
1220000 407.7
1225000 419.4
1230000 466.5
1235000 458.9
1240000 467.9
1245000 471.4
1250000 469.2
1255000 470.0
1260000 417.1
1265000 438.0
1270000 376.3
1275000 391.8
1280000 468.7
1285000 476.4
1290000 487.0
1295000 483.0
1300000 478.7
1305000 462.0
1310000 506.5
1315000 484.7
1320000 477.0
1325000 442.4
1330000 497.8
1335000 500.6
1340000 500.0
1345000 495.1
1350000 507.4
1355000 510.9
1360000 513.8
1365000 505.8
1370000 502.8
1375000 514.9
1380000 509.7
1385000 339.0
1390000 205.4
1395000 154.3
1400000 206.0
1405000 458.0
1410000 498.3
1415000 543.7
1420000 514.8
1425000 536.7
1430000 520.5
1435000 542.8
1440000 531.9
1445000 542.2
1450000 542.0
1455000 533.9
1460000 540.4
1465000 548.7
1470000 531.0
1475000 537.3
1480000 548.3
1485000 553.4
1490000 532.3
1495000 540.1
1500000 544.8
1505000 485.1
1510000 569.2
1515000 568.7
1520000 433.5
1525000 562.1
1530000 556.0
1535000 570.7
1540000 556.1
1545000 564.7
1550000 565.2
1555000 581.2
1560000 578.2
1565000 591.0
1570000 565.7
1575000 582.9
1580000 583.2
1585000 582.5
1590000 583.8
1595000 580.7
1600000 585.1
1605000 585.3
1610000 594.1
1615000 589.4
1620000 583.9
1625000 598.0
1630000 579.4
1635000 555.6
1640000 588.0
1645000 607.6
1650000 601.4
1655000 595.9
1660000 592.3
1665000 610.6
1670000 606.3
1675000 616.4
1680000 619.1
1685000 605.4
1690000 592.5
1695000 624.7
1700000 625.3
1705000 599.1
1710000 617.1
1715000 599.4
1720000 613.6
1725000 614.7
1730000 603.1
1735000 620.1
1740000 619.2
1745000 609.4
1750000 624.2
1755000 617.2
1760000 627.7
1765000 620.0
1770000 624.3
1775000 627.2
1780000 615.6
1785000 636.0
1790000 616.2
1795000 627.0
1800000 642.1
1805000 632.3
1810000 656.6
1815000 639.9
1820000 644.9
1825000 624.0
1830000 624.1
1835000 642.4
1840000 629.0
1845000 638.2
1850000 645.2
1855000 658.7
1860000 644.2
1865000 656.4
1870000 622.0
1875000 654.3
1880000 647.8
1885000 657.9
1890000 643.4
1895000 656.4
1900000 648.0
1905000 668.8
1910000 643.1
1915000 664.8
1920000 662.5
1925000 658.4
1930000 644.1
1935000 657.6
1940000 654.9
1945000 642.4
1950000 686.6
1955000 670.0
1960000 665.5
1965000 644.9
1970000 673.7
1975000 677.4
1980000 665.1
1985000 686.0
1990000 652.0
1995000 670.7
2000000 684.5
