5000 1.2
10000 1.3
15000 1.5
20000 0.8
25000 1.2
30000 1.1
35000 1.2
40000 1.2
45000 1.4
50000 0.6
55000 1.5
60000 1.2
65000 1.2
70000 0.7
75000 1.3
80000 1.1
85000 1.0
90000 1.7
95000 1.4
100000 1.2
105000 1.4
110000 2.2
115000 2.0
120000 1.5
125000 1.9
130000 1.4
135000 2.0
140000 1.7
145000 1.7
150000 1.7
155000 1.2
160000 1.8
165000 2.5
170000 1.1
175000 1.5
180000 1.8
185000 1.5
190000 1.9
195000 2.4
200000 1.9
205000 1.4
210000 2.3
215000 1.4
220000 1.5
225000 2.4
230000 8.6
235000 11.7
240000 20.0
245000 33.3
250000 13.5
255000 4.8
260000 11.7
265000 2.5
270000 8.9
275000 3.8
280000 63.5
285000 78.0
290000 43.9
295000 111.0
300000 124.4
305000 111.9
310000 153.8
315000 134.9
320000 59.4
325000 193.0
330000 191.2
335000 192.1
340000 222.9
345000 147.5
350000 216.5
355000 255.8
360000 207.9
365000 243.1
370000 230.2
375000 263.0
380000 249.4
385000 262.5
390000 263.6
395000 278.5
400000 275.7
405000 287.9
410000 293.5
415000 228.2
420000 324.8
425000 312.6
430000 328.5
435000 299.9
440000 320.4
445000 329.7
450000 343.8
455000 345.3
460000 323.6
465000 356.2
470000 330.3
475000 354.4
480000 364.5
485000 359.7
490000 365.5
495000 365.1
500000 395.7
505000 370.3
510000 396.6
515000 383.3
520000 19.9
525000 42.6
530000 19.0
535000 199.0
540000 369.8
545000 383.9
550000 404.2
555000 398.4
560000 427.5
565000 401.5
570000 407.4
575000 409.5
580000 395.2
585000 409.4
590000 414.4
595000 415.0
600000 398.2
605000 422.8
610000 409.9
615000 421.2
620000 428.7
625000 434.2
630000 432.0
635000 431.8
640000 436.4
645000 435.7
650000 437.0
655000 435.3
660000 421.2
665000 425.4
670000 419.6
675000 440.5
680000 429.2
685000 423.8
690000 454.4
695000 457.3
700000 441.9
705000 455.6
710000 462.5
715000 459.9
720000 454.8
725000 451.6
730000 452.3
735000 461.4
740000 455.4
745000 464.4
750000 474.9
755000 459.6
760000 467.9
765000 455.3
770000 469.3
775000 482.5
780000 474.7
785000 482.6
790000 477.2
795000 486.1
800000 478.3
805000 468.4
810000 478.4
815000 490.7
820000 477.1
825000 474.4
830000 480.7
835000 450.4
840000 453.6
845000 488.7
850000 457.8
855000 459.9
860000 486.4
865000 476.2
870000 468.1
875000 471.8
880000 492.3
885000 482.9
890000 480.6
895000 486.7
900000 495.5
905000 508.3
910000 492.3
915000 450.8
920000 495.4
925000 482.7
930000 492.7
935000 483.6
940000 450.3
945000 489.8
950000 1.5
955000 2.3
960000 1.8
965000 3.0
970000 75.0
975000 149.0
980000 467.5
985000 457.7
990000 496.1
995000 506.6
1000000 499.4
1005000 408.2
1010000 350.6
1015000 354.4
1020000 392.3
1025000 426.9
1030000 371.6
1035000 374.2
1040000 364.4
1045000 343.0
1050000 360.9
1055000 345.4
1060000 349.8
1065000 407.4
1070000 391.6
1075000 426.8
1080000 458.7
1085000 436.4
1090000 384.2
1095000 448.8
1100000 385.4
1105000 439.7
1110000 431.0
1115000 482.1
1120000 352.2
1125000 451.0
1130000 465.0
1135000 471.0
1140000 437.8
1145000 457.8
1150000 456.6
1155000 450.6
1160000 450.9
1165000 495.5
1170000 505.1
1175000 504.3
1180000 500.0
1185000 504.7
1190000 513.9
1195000 514.8
1200000 488.8
1205000 507.3
1210000 509.2
1215000 491.0
1220000 484.3
1225000 489.6
1230000 518.1
1235000 499.8
1240000 537.6
1245000 531.4
1250000 525.7
1255000 509.3
1260000 507.0
1265000 523.8
1270000 540.1
1275000 526.9
1280000 520.3
1285000 492.7
1290000 544.9
1295000 541.0
1300000 546.2
1305000 528.8
1310000 551.6
1315000 547.4
1320000 537.6
1325000 547.5
1330000 537.4
1335000 488.2
1340000 547.2
1345000 527.3
1350000 543.8
1355000 560.3
1360000 558.3
1365000 542.6
1370000 556.1
1375000 561.2
1380000 554.2
1385000 551.4
1390000 547.5
1395000 551.3
1400000 546.7
1405000 563.1
1410000 547.9
1415000 545.1
1420000 570.4
1425000 557.5
1430000 559.5
1435000 524.3
1440000 565.4
1445000 548.6
1450000 571.3
1455000 558.3
1460000 552.3
1465000 576.6
1470000 563.7
1475000 564.8
1480000 571.8
1485000 573.6
1490000 557.7
1495000 578.4
1500000 581.0
1505000 569.9
1510000 560.5
1515000 582.7
1520000 554.0
1525000 529.5
1530000 575.0
1535000 573.7
1540000 560.1
1545000 568.7
1550000 582.1
1555000 568.8
1560000 575.6
1565000 582.0
1570000 581.1
1575000 583.9
1580000 577.9
1585000 573.0
1590000 557.8
1595000 583.3
1600000 590.9
1605000 591.5
1610000 579.6
1615000 579.7
1620000 583.0
1625000 578.5
1630000 581.5
1635000 540.1
1640000 588.3
1645000 566.0
1650000 589.5
1655000 584.2
1660000 590.0
1665000 585.8
1670000 594.7
1675000 581.5
1680000 593.6
1685000 589.9
1690000 593.2
1695000 528.9
1700000 586.0
1705000 602.2
1710000 591.4
1715000 589.2
1720000 594.2
1725000 581.8
1730000 604.6
1735000 601.4
1740000 592.0
1745000 603.7
1750000 604.8
1755000 601.5
1760000 569.4
1765000 606.7
1770000 614.4
1775000 608.4
1780000 621.3
1785000 602.1
1790000 586.7
1795000 619.7
1800000 546.4
1805000 621.9
1810000 597.9
1815000 603.5
1820000 119.6
1825000 21.6
1830000 9.7
1835000 26.6
1840000 95.9
1845000 376.8
1850000 522.0
1855000 548.4
1860000 576.0
1865000 585.5
1870000 583.1
1875000 596.9
1880000 610.0
1885000 622.6
1890000 618.5
1895000 622.4
1900000 629.3
1905000 626.2
1910000 615.5
1915000 604.9
1920000 631.7
1925000 628.6
1930000 629.7
1935000 642.5
1940000 627.5
1945000 642.5
1950000 619.8
1955000 631.4
1960000 623.8
1965000 659.4
1970000 643.5
1975000 642.1
1980000 666.9
1985000 673.1
1990000 649.1
1995000 654.7
2000000 658.9
