5000 1.6
10000 1.0
15000 0.7
20000 1.6
25000 2.0
30000 0.7
35000 1.9
40000 1.4
45000 1.0
50000 0.7
55000 1.3
60000 1.0
65000 1.5
70000 1.2
75000 1.0
80000 1.3
85000 1.0
90000 1.8
95000 2.8
100000 2.8
105000 1.1
110000 1.6
115000 1.8
120000 1.4
125000 1.1
130000 1.6
135000 1.8
140000 1.3
145000 1.5
150000 1.4
155000 1.8
160000 1.9
165000 2.8
170000 2.6
175000 4.0
180000 2.0
185000 7.5
190000 12.3
195000 10.9
200000 64.3
205000 39.6
210000 2.0
215000 21.3
220000 34.5
225000 108.4
230000 36.1
235000 18.8
240000 21.8
245000 58.8
250000 126.4
255000 179.3
260000 132.3
265000 111.9
270000 64.9
275000 83.7
280000 237.6
285000 260.2
290000 233.6
295000 250.4
300000 280.5
305000 271.2
310000 213.9
315000 293.3
320000 284.5
325000 328.7
330000 296.5
335000 190.1
340000 345.7
345000 308.5
350000 303.5
355000 322.1
360000 333.2
365000 344.2
370000 344.2
375000 349.7
380000 360.5
385000 342.3
390000 356.1
395000 351.8
400000 365.6
405000 371.5
410000 367.9
415000 366.2
420000 371.1
425000 378.0
430000 376.9
435000 376.6
440000 374.0
445000 313.0
450000 398.5
455000 420.1
460000 393.5
465000 408.4
470000 418.9
475000 416.9
480000 413.0
485000 370.9
490000 413.3
495000 292.2
500000 437.1
505000 392.7
510000 426.6
515000 433.7
520000 422.0
525000 427.1
530000 427.0
535000 450.1
540000 435.4
545000 429.9
550000 432.2
555000 135.9
560000 22.3
565000 335.8
570000 451.7
575000 446.8
580000 453.6
585000 427.2
590000 444.3
595000 450.2
600000 444.4
605000 439.7
610000 443.3
615000 448.7
620000 447.3
625000 450.6
630000 456.0
635000 410.5
640000 471.1
645000 463.9
650000 461.0
655000 457.6
660000 460.3
665000 3.9
670000 1.2
675000 1.4
680000 1.2
685000 265.7
690000 264.2
695000 377.4
700000 421.6
705000 446.5
710000 459.8
715000 450.1
720000 460.8
725000 475.1
730000 474.4
735000 459.2
740000 472.8
745000 483.6
750000 471.8
755000 483.0
760000 478.9
765000 461.4
770000 474.8
775000 473.0
780000 480.4
785000 486.7
790000 481.5
795000 473.7
800000 482.2
805000 499.6
810000 488.1
815000 496.5
820000 494.4
825000 489.3
830000 498.8
835000 502.1
840000 483.0
845000 485.0
850000 498.1
855000 484.1
860000 494.3
865000 501.5
870000 509.0
875000 499.3
880000 492.5
885000 487.9
890000 499.1
895000 507.2
900000 506.6
905000 501.2
910000 500.6
915000 508.9
920000 506.6
925000 507.3
930000 516.1
935000 483.8
940000 512.4
945000 507.4
950000 515.4
955000 508.6
960000 514.3
965000 508.3
970000 500.7
975000 513.1
980000 513.5
985000 513.9
990000 516.8
995000 498.4
1000000 1.4
1005000 1.1
1010000 1.2
1015000 1.4
1020000 1.3
1025000 1.3
1030000 1.3
1035000 1.2
1040000 1.3
1045000 1.3
1050000 1.3
1055000 1.0
1060000 1.1
1065000 1.4
1070000 1.2
1075000 1.0
1080000 2.0
1085000 1.0
1090000 1.1
1095000 1.2
1100000 1.0
1105000 1.7
1110000 1.6
1115000 1.2
1120000 0.9
1125000 1.2
1130000 2.5
1135000 1.6
1140000 1.6
1145000 1.3
1150000 1.6
1155000 1.8
1160000 1.8
1165000 1.4
1170000 2.0
1175000 2.0
1180000 1.3
1185000 1.9
1190000 1.3
1195000 3.0
1200000 1.8
1205000 1.7
1210000 3.1
1215000 1.4
1220000 1.3
1225000 1.2
1230000 1.4
1235000 1.6
1240000 1.9
1245000 1.9
1250000 2.5
1255000 1.8
1260000 2.3
1265000 2.7
1270000 2.5
1275000 1.5
1280000 2.2
1285000 1.5
1290000 1.7
1295000 1.8
1300000 2.0
1305000 2.4
1310000 4.2
1315000 1.5
1320000 2.0
1325000 2.0
1330000 2.0
1335000 2.3
1340000 3.6
1345000 1.6
1350000 2.8
1355000 1.8
1360000 2.6
1365000 1.7
1370000 2.4
1375000 3.7
1380000 3.4
1385000 1.6
1390000 2.3
1395000 2.0
1400000 2.7
1405000 2.3
1410000 2.2
1415000 2.8
1420000 1.8
1425000 2.2
1430000 1.7
1435000 1.7
1440000 1.8
1445000 1.9
1450000 2.2
1455000 1.7
1460000 2.2
1465000 1.5
1470000 1.6
1475000 2.2
1480000 2.0
1485000 2.0
1490000 2.7
1495000 2.9
1500000 2.1
1505000 3.1
1510000 2.0
1515000 1.7
1520000 2.2
1525000 2.2
1530000 2.1
1535000 3.4
1540000 2.0
1545000 1.9
1550000 2.0
1555000 2.1
1560000 2.4
1565000 2.0
1570000 3.5
1575000 3.4
1580000 2.8
1585000 2.0
1590000 3.3
1595000 1.8
1600000 2.7
1605000 2.8
1610000 3.6
1615000 2.7
1620000 3.5
1625000 2.3
1630000 2.5
1635000 2.3
1640000 2.2
1645000 2.4
1650000 2.4
1655000 2.6
1660000 2.7
1665000 2.5
1670000 2.3
1675000 2.0
1680000 2.5
1685000 2.9
1690000 2.3
1695000 2.7
1700000 3.0
1705000 2.3
1710000 2.4
1715000 2.3
1720000 2.2
1725000 2.3
1730000 2.5
1735000 1.9
1740000 2.4
1745000 2.1
1750000 2.8
1755000 3.1
1760000 3.5
1765000 3.3
1770000 1.8
1775000 2.0
1780000 2.5
1785000 2.9
1790000 2.3
1795000 2.4
1800000 2.1
1805000 2.9
1810000 2.7
1815000 2.2
1820000 2.8
1825000 2.5
1830000 2.5
1835000 2.4
1840000 2.2
1845000 2.6
1850000 2.5
1855000 2.6
1860000 2.7
1865000 3.4
1870000 3.9
1875000 2.9
1880000 2.7
1885000 2.5
1890000 3.0
1895000 2.1
1900000 1.8
1905000 2.7
1910000 2.0
1915000 2.5
1920000 3.6
1925000 3.1
1930000 2.6
1935000 2.0
1940000 2.5
1945000 2.7
1950000 3.4
1955000 2.6
1960000 2.1
1965000 3.6
1970000 2.4
1975000 2.0
1980000 2.2
1985000 2.8
1990000 3.4
1995000 3.5
2000000 3.2
