5000 110.9
10000 26.6
15000 55.0
20000 104.8
25000 152.3
30000 60.4
35000 126.0
40000 61.2
45000 250.1
50000 64.9
55000 64.6
60000 113.5
65000 118.3
70000 174.5
75000 160.1
80000 69.2
85000 82.5
90000 213.5
95000 243.6
100000 199.4
105000 257.6
110000 283.0
115000 297.3
120000 268.7
125000 291.3
130000 258.1
135000 245.4
140000 300.9
145000 320.1
150000 304.1
155000 385.2
160000 482.0
165000 481.9
170000 332.0
175000 458.7
180000 452.6
185000 443.3
190000 461.5
195000 472.9
200000 348.7
205000 439.5
210000 462.3
215000 470.5
220000 484.5
225000 476.2
230000 489.1
235000 390.2
240000 471.8
245000 450.9
250000 470.9
255000 457.9
260000 469.7
265000 405.5
270000 470.4
275000 479.8
280000 471.0
285000 474.8
290000 483.3
295000 488.6
300000 461.8
305000 477.8
310000 449.4
315000 509.1
320000 465.2
325000 453.0
330000 546.6
335000 477.5
340000 512.3
345000 538.0
350000 502.2
355000 517.4
360000 544.3
365000 544.6
370000 566.9
375000 575.1
380000 604.0
385000 588.1
390000 576.8
395000 559.0
400000 628.2
405000 603.6
410000 580.1
415000 610.9
420000 499.5
425000 589.9
430000 618.0
435000 669.9
440000 617.2
445000 692.8
450000 627.3
455000 617.8
460000 582.8
465000 658.1
470000 659.9
475000 643.3
480000 722.5
485000 670.2
490000 663.3
495000 710.9
500000 680.7
505000 742.4
510000 715.3
515000 694.5
520000 671.0
525000 690.7
530000 749.6
535000 739.3
540000 719.4
545000 731.7
550000 742.8
555000 663.8
560000 697.2
565000 741.9
570000 733.2
575000 742.2
580000 788.3
585000 774.7
590000 749.2
595000 610.3
600000 791.2
605000 783.6
610000 772.9
615000 776.7
620000 782.6
625000 789.0
630000 789.6
635000 800.2
640000 791.1
645000 799.3
650000 801.2
655000 808.8
660000 814.5
665000 811.7
670000 805.0
675000 831.3
680000 836.9
685000 845.0
690000 864.7
695000 844.6
700000 833.1
705000 879.7
710000 834.2
715000 858.8
720000 838.9
725000 874.6
730000 876.2
735000 853.8
740000 871.0
745000 854.5
750000 838.7
755000 852.3
760000 834.3
765000 877.7
770000 880.9
775000 812.7
780000 845.3
785000 852.1
790000 864.0
795000 861.7
800000 814.0
805000 873.0
810000 861.4
815000 836.8
820000 853.2
825000 872.9
830000 856.6
835000 877.9
840000 847.9
845000 854.2
850000 854.1
855000 879.5
860000 879.2
865000 876.8
870000 860.0
875000 855.8
880000 872.5
885000 893.7
890000 857.8
895000 897.7
900000 870.7
905000 903.1
910000 904.0
915000 878.6
920000 875.7
925000 916.1
930000 897.0
935000 880.2
940000 893.7
945000 861.3
950000 892.7
955000 841.8
960000 921.9
965000 858.0
970000 895.7
975000 909.0
980000 873.6
985000 860.6
990000 884.0
995000 869.8
1000000 879.6
1005000 857.3
1010000 856.5
1015000 827.5
1020000 825.6
1025000 620.7
1030000 572.8
1035000 504.1
1040000 456.3
1045000 514.9
1050000 649.5
1055000 886.2
1060000 858.4
1065000 845.6
1070000 818.8
1075000 849.8
1080000 915.2
1085000 879.0
1090000 860.1
1095000 840.8
1100000 823.0
1105000 788.7
1110000 881.3
1115000 862.0
1120000 885.8
1125000 845.0
1130000 848.5
1135000 880.0
1140000 869.3
1145000 835.3
1150000 868.7
1155000 931.5
1160000 883.6
1165000 876.1
1170000 891.8
1175000 883.9
1180000 922.8
1185000 918.5
1190000 921.5
1195000 882.6
1200000 892.7
1205000 885.3
1210000 903.8
1215000 906.9
1220000 930.4
1225000 887.1
1230000 899.5
1235000 916.7
1240000 897.3
1245000 877.0
1250000 888.0
1255000 879.1
1260000 890.6
1265000 855.7
1270000 897.2
1275000 915.6
1280000 883.2
1285000 904.3
1290000 907.7
1295000 912.7
1300000 916.7
1305000 923.7
1310000 889.0
1315000 877.6
1320000 901.5
1325000 853.5
1330000 902.7
1335000 894.4
1340000 910.7
1345000 898.9
1350000 927.8
1355000 909.3
1360000 908.2
1365000 910.8
1370000 910.3
1375000 919.3
1380000 901.2
1385000 920.5
1390000 915.9
1395000 911.9
1400000 922.8
1405000 924.2
1410000 931.7
1415000 928.5
1420000 920.5
1425000 915.9
1430000 886.5
1435000 933.4
1440000 911.7
1445000 926.2
1450000 910.5
1455000 912.2
1460000 920.1
1465000 891.1
1470000 910.7
1475000 901.9
1480000 917.4
1485000 913.8
1490000 931.9
1495000 925.3
1500000 905.1
1505000 926.9
1510000 937.0
1515000 907.9
1520000 926.1
1525000 921.5
1530000 927.2
1535000 939.0
1540000 884.9
1545000 924.4
1550000 927.5
1555000 928.0
1560000 932.1
1565000 912.0
1570000 925.7
1575000 902.2
1580000 938.3
1585000 937.9
1590000 931.4
1595000 928.7
1600000 886.8
1605000 919.5
1610000 935.0
1615000 931.6
1620000 913.9
1625000 891.9
1630000 919.6
1635000 904.9
1640000 932.7
1645000 933.2
1650000 902.7
1655000 897.6
1660000 928.3
1665000 931.4
1670000 917.1
1675000 935.0
1680000 921.0
1685000 894.3
1690000 918.6
1695000 909.6
1700000 910.9
1705000 905.4
1710000 922.3
1715000 932.0
1720000 934.2
1725000 914.2
1730000 904.1
1735000 912.2
1740000 939.0
1745000 916.4
1750000 920.5
1755000 926.6
1760000 912.6
1765000 937.2
1770000 936.7
1775000 939.2
1780000 925.8
1785000 927.7
1790000 939.4
1795000 920.2
1800000 918.0
1805000 924.7
1810000 933.1
1815000 921.3
1820000 942.3
1825000 913.6
1830000 903.4
1835000 922.3
1840000 922.9
1845000 907.6
1850000 934.5
1855000 906.1
1860000 926.1
1865000 933.6
1870000 901.9
1875000 923.3
1880000 920.1
1885000 929.6
1890000 934.9
1895000 903.5
1900000 920.4
1905000 949.5
1910000 921.3
1915000 938.6
1920000 925.6
1925000 929.2
1930000 934.2
1935000 939.4
1940000 938.7
1945000 902.3
1950000 934.4
1955000 944.2
1960000 932.2
1965000 939.5
1970000 930.4
1975000 949.7
1980000 923.8
1985000 932.3
1990000 921.5
1995000 905.5
2000000 913.9
