5000 135.7
10000 98.5
15000 103.7
20000 152.7
25000 119.1
30000 113.5
35000 45.5
40000 108.6
45000 107.3
50000 10.1
55000 117.2
60000 19.3
65000 15.5
70000 167.0
75000 112.5
80000 93.9
85000 111.5
90000 52.5
95000 61.4
100000 54.7
105000 55.8
110000 54.9
115000 55.7
120000 169.8
125000 108.9
130000 17.7
135000 83.8
140000 39.8
145000 72.3
150000 328.6
155000 255.6
160000 165.7
165000 228.7
170000 236.8
175000 306.9
180000 267.6
185000 377.2
190000 432.2
195000 360.7
200000 408.8
205000 439.1
210000 502.6
215000 471.9
220000 497.9
225000 469.8
230000 473.4
235000 388.2
240000 485.0
245000 496.0
250000 497.0
255000 519.3
260000 511.0
265000 496.1
270000 539.2
275000 557.0
280000 577.2
285000 590.9
290000 588.9
295000 611.5
300000 549.7
305000 608.3
310000 645.9
315000 619.3
320000 611.5
325000 652.0
330000 657.6
335000 591.2
340000 604.8
345000 625.7
350000 669.4
355000 598.6
360000 651.6
365000 672.4
370000 683.2
375000 699.2
380000 698.4
385000 654.9
390000 662.4
395000 634.9
400000 693.2
405000 713.3
410000 690.5
415000 689.7
420000 703.5
425000 662.8
430000 725.2
435000 733.4
440000 744.7
445000 772.1
450000 744.0
455000 771.1
460000 766.2
465000 716.2
470000 726.8
475000 788.2
480000 763.4
485000 759.3
490000 786.6
495000 764.3
500000 779.4
505000 763.2
510000 815.1
515000 750.1
520000 819.9
525000 754.4
530000 796.2
535000 768.7
540000 793.0
545000 798.4
550000 835.7
555000 805.5
560000 828.6
565000 861.3
570000 812.9
575000 839.8
580000 840.6
585000 829.0
590000 860.6
595000 835.4
600000 836.2
605000 826.7
610000 816.7
615000 834.9
620000 836.3
625000 856.4
630000 859.6
635000 847.8
640000 838.7
645000 845.8
650000 865.5
655000 837.9
660000 857.2
665000 861.7
670000 863.0
675000 859.0
680000 847.1
685000 875.2
690000 875.2
695000 841.4
700000 874.6
705000 845.5
710000 869.5
715000 864.2
720000 859.5
725000 860.7
730000 849.3
735000 861.1
740000 885.0
745000 874.0
750000 868.5
755000 856.8
760000 842.8
765000 883.0
770000 874.1
775000 850.6
780000 853.8
785000 877.9
790000 881.2
795000 864.9
800000 869.9
805000 880.1
810000 872.1
815000 886.6
820000 873.6
825000 885.2
830000 876.3
835000 884.8
840000 875.0
845000 859.7
850000 859.4
855000 875.1
860000 873.3
865000 856.0
870000 883.5
875000 881.8
880000 883.1
885000 873.4
890000 897.5
895000 879.9
900000 885.7
905000 855.5
910000 879.2
915000 861.7
920000 901.9
925000 876.1
930000 882.0
935000 890.4
940000 871.6
945000 878.2
950000 884.4
955000 879.1
960000 893.1
965000 892.9
970000 901.6
975000 864.6
980000 893.2
985000 886.4
990000 884.5
995000 881.8
1000000 908.1
1005000 796.1
1010000 796.6
1015000 437.7
1020000 828.5
1025000 734.3
1030000 743.6
1035000 838.2
1040000 834.4
1045000 452.5
1050000 762.8
1055000 761.9
1060000 803.3
1065000 743.5
1070000 563.2
1075000 798.0
1080000 853.6
1085000 853.9
1090000 846.9
1095000 888.8
1100000 890.7
1105000 893.3
1110000 849.1
1115000 878.7
1120000 869.4
1125000 859.6
1130000 880.3
1135000 915.4
1140000 892.4
1145000 894.9
1150000 886.3
1155000 910.3
1160000 878.9
1165000 886.9
1170000 891.5
1175000 912.2
1180000 921.0
1185000 916.7
1190000 902.7
1195000 900.5
1200000 901.3
1205000 913.5
1210000 895.9
1215000 902.8
1220000 902.3
1225000 898.6
1230000 912.3
1235000 923.4
1240000 904.3
1245000 912.0
1250000 909.3
1255000 900.1
1260000 907.3
1265000 774.8
1270000 914.7
1275000 903.3
1280000 920.5
1285000 890.9
1290000 906.2
1295000 896.4
1300000 904.9
1305000 893.8
1310000 908.4
1315000 902.9
1320000 894.2
1325000 913.5
1330000 913.0
1335000 918.3
1340000 896.3
1345000 902.0
1350000 908.0
1355000 905.5
1360000 916.7
1365000 921.5
1370000 924.6
1375000 913.3
1380000 906.8
1385000 899.4
1390000 907.9
1395000 926.3
1400000 921.1
1405000 919.8
1410000 893.5
1415000 911.3
1420000 921.4
1425000 901.0
1430000 904.9
1435000 933.2
1440000 929.0
1445000 917.1
1450000 924.9
1455000 926.5
1460000 912.9
1465000 915.9
1470000 917.8
1475000 938.0
1480000 916.2
1485000 880.4
1490000 918.0
1495000 910.6
1500000 898.5
1505000 923.6
1510000 914.4
1515000 916.1
1520000 912.1
1525000 913.2
1530000 912.0
1535000 924.0
1540000 912.3
1545000 910.6
1550000 902.7
1555000 914.4
1560000 927.1
1565000 918.3
1570000 919.0
1575000 913.7
1580000 917.6
1585000 910.3
1590000 947.7
1595000 935.6
1600000 919.2
1605000 928.0
1610000 903.5
1615000 919.8
1620000 910.4
1625000 913.6
1630000 916.7
1635000 918.0
1640000 917.0
1645000 922.0
1650000 900.6
1655000 912.4
1660000 925.6
1665000 913.3
1670000 903.2
1675000 898.3
1680000 916.3
1685000 929.6
1690000 908.0
1695000 908.8
1700000 913.3
1705000 888.0
1710000 898.8
1715000 914.3
1720000 913.4
1725000 910.5
1730000 929.6
1735000 918.7
1740000 924.1
1745000 926.2
1750000 909.4
1755000 915.4
1760000 927.0
1765000 933.1
1770000 916.8
1775000 929.2
1780000 905.0
1785000 919.7
1790000 921.0
1795000 928.7
1800000 920.7
1805000 914.5
1810000 909.5
1815000 902.0
1820000 931.8
1825000 921.6
1830000 926.7
1835000 891.5
1840000 933.3
1845000 924.2
1850000 923.6
1855000 905.1
1860000 918.9
1865000 919.9
1870000 939.3
1875000 929.1
1880000 934.5
1885000 912.0
1890000 893.9
1895000 917.3
1900000 924.3
1905000 903.9
1910000 919.8
1915000 909.3
1920000 928.1
1925000 913.6
1930000 918.6
1935000 918.4
1940000 916.3
1945000 928.6
1950000 914.9
1955000 927.6
1960000 918.3
1965000 914.6
1970000 911.5
1975000 936.8
1980000 928.8
1985000 928.6
1990000 912.9
1995000 939.5
2000000 920.8
