5000 9.2
10000 78.0
15000 249.6
20000 153.8
25000 28.6
30000 64.0
35000 77.0
40000 19.2
45000 136.9
50000 103.0
55000 110.6
60000 181.1
65000 133.0
70000 139.6
75000 55.6
80000 161.1
85000 123.8
90000 121.8
95000 134.6
100000 152.7
105000 164.2
110000 182.6
115000 78.8
120000 203.8
125000 270.0
130000 263.4
135000 234.4
140000 223.7
145000 207.3
150000 226.2
155000 286.3
160000 263.1
165000 254.9
170000 281.7
175000 337.5
180000 406.0
185000 443.7
190000 394.0
195000 479.8
200000 493.4
205000 484.1
210000 481.0
215000 500.7
220000 507.4
225000 478.5
230000 515.2
235000 539.1
240000 527.0
245000 532.0
250000 587.4
255000 624.9
260000 602.3
265000 633.8
270000 565.4
275000 664.3
280000 663.3
285000 676.0
290000 624.3
295000 690.8
300000 665.1
305000 661.7
310000 646.2
315000 686.4
320000 723.0
325000 737.1
330000 714.0
335000 710.5
340000 761.9
345000 721.1
350000 637.1
355000 707.0
360000 645.4
365000 712.7
370000 759.1
375000 744.9
380000 716.1
385000 772.7
390000 771.0
395000 762.1
400000 742.5
405000 752.7
410000 778.6
415000 764.5
420000 750.1
425000 752.8
430000 751.6
435000 787.7
440000 769.5
445000 769.2
450000 725.4
455000 768.2
460000 712.9
465000 792.8
470000 768.7
475000 760.8
480000 820.4
485000 751.5
490000 811.7
495000 784.5
500000 826.5
505000 831.4
510000 840.3
515000 855.8
520000 848.7
525000 829.6
530000 873.4
535000 849.7
540000 869.6
545000 843.4
550000 862.2
555000 820.2
560000 881.9
565000 843.0
570000 862.5
575000 847.6
580000 850.7
585000 864.1
590000 861.1
595000 868.8
600000 872.7
605000 864.3
610000 864.6
615000 866.6
620000 889.5
625000 857.3
630000 875.4
635000 885.5
640000 884.2
645000 897.8
650000 880.8
655000 867.1
660000 879.0
665000 799.4
670000 865.0
675000 886.5
680000 886.8
685000 887.0
690000 894.2
695000 904.6
700000 901.0
705000 892.8
710000 901.9
715000 903.2
720000 881.1
725000 889.1
730000 892.5
735000 904.5
740000 895.7
745000 891.3
750000 883.2
755000 904.7
760000 885.9
765000 893.7
770000 895.5
775000 879.8
780000 876.8
785000 916.4
790000 898.1
795000 900.2
800000 886.9
805000 887.6
810000 894.8
815000 879.9
820000 896.2
825000 881.0
830000 893.3
835000 897.7
840000 889.6
845000 892.2
850000 893.9
855000 892.4
860000 888.3
865000 896.5
870000 890.7
875000 903.4
880000 892.1
885000 914.8
890000 903.6
895000 903.2
900000 892.2
905000 909.5
910000 906.1
915000 892.8
920000 915.1
925000 903.8
930000 898.3
935000 896.7
940000 900.1
945000 924.1
950000 915.5
955000 897.7
960000 898.3
965000 911.8
970000 916.0
975000 917.6
980000 911.5
985000 887.3
990000 914.2
995000 927.4
1000000 900.6
1005000 890.5
1010000 841.6
1015000 797.1
1020000 659.4
1025000 893.3
1030000 868.4
1035000 883.7
1040000 873.9
1045000 846.6
1050000 891.4
1055000 902.1
1060000 872.6
1065000 890.9
1070000 896.9
1075000 910.5
1080000 898.6
1085000 900.9
1090000 894.6
1095000 895.8
1100000 920.8
1105000 895.4
1110000 878.7
1115000 883.3
1120000 918.9
1125000 924.6
1130000 886.9
1135000 905.4
1140000 890.2
1145000 890.1
1150000 910.9
1155000 918.5
1160000 873.0
1165000 881.9
1170000 918.6
1175000 917.7
1180000 904.7
1185000 913.7
1190000 912.5
1195000 891.9
1200000 900.4
1205000 899.4
1210000 923.1
1215000 872.7
1220000 881.6
1225000 920.5
1230000 908.6
1235000 919.8
1240000 901.4
1245000 887.2
1250000 917.4
1255000 909.0
1260000 919.9
1265000 925.7
1270000 924.1
1275000 907.8
1280000 889.1
1285000 922.3
1290000 914.6
1295000 908.5
1300000 921.0
1305000 928.4
1310000 916.7
1315000 934.0
1320000 919.3
1325000 913.6
1330000 929.9
1335000 936.4
1340000 911.2
1345000 921.1
1350000 924.8
1355000 839.5
1360000 922.6
1365000 913.8
1370000 936.0
1375000 927.6
1380000 903.9
1385000 928.6
1390000 914.7
1395000 919.6
1400000 921.0
1405000 917.4
1410000 923.3
1415000 916.5
1420000 922.1
1425000 916.0
1430000 924.6
1435000 911.6
1440000 921.0
1445000 932.2
1450000 920.9
1455000 927.8
1460000 933.1
1465000 927.6
1470000 926.3
1475000 925.6
1480000 914.8
1485000 919.2
1490000 919.9
1495000 921.8
1500000 926.4
1505000 934.3
1510000 910.9
1515000 931.0
1520000 922.9
1525000 933.7
1530000 925.4
1535000 915.3
1540000 942.0
1545000 932.8
1550000 925.0
1555000 923.8
1560000 925.8
1565000 918.9
1570000 939.7
1575000 926.5
1580000 934.5
1585000 938.5
1590000 935.4
1595000 925.5
1600000 921.2
1605000 934.4
1610000 923.6
1615000 937.6
1620000 937.5
1625000 942.0
1630000 952.3
1635000 914.8
1640000 936.1
1645000 927.6
1650000 946.4
1655000 919.5
1660000 923.8
1665000 928.6
1670000 928.9
1675000 926.7
1680000 944.5
1685000 922.8
1690000 926.2
1695000 921.0
1700000 933.0
1705000 917.8
1710000 939.2
1715000 940.1
1720000 924.9
1725000 932.7
1730000 941.2
1735000 936.1
1740000 927.6
1745000 931.0
1750000 921.1
1755000 933.0
1760000 927.6
1765000 926.2
1770000 926.2
1775000 919.9
1780000 922.4
1785000 934.1
1790000 907.3
1795000 938.6
1800000 941.1
1805000 941.5
1810000 941.0
1815000 901.5
1820000 929.2
1825000 917.9
1830000 914.1
1835000 941.7
1840000 936.0
1845000 939.4
1850000 937.9
1855000 927.9
1860000 935.7
1865000 924.4
1870000 937.6
1875000 931.5
1880000 937.7
1885000 945.4
1890000 938.5
1895000 929.5
1900000 933.7
1905000 931.3
1910000 929.5
1915000 933.3
1920000 933.3
1925000 924.7
1930000 914.6
1935000 949.2
1940000 918.0
1945000 929.0
1950000 924.4
1955000 923.5
1960000 930.3
1965000 940.6
1970000 929.9
1975000 936.5
1980000 930.4
1985000 938.5
1990000 943.2
1995000 921.2
2000000 937.4
