5000 59.7
10000 138.2
15000 60.4
20000 103.9
25000 254.4
30000 65.7
35000 58.9
40000 151.5
45000 58.1
50000 89.7
55000 61.5
60000 212.1
65000 34.3
70000 112.0
75000 46.8
80000 37.2
85000 99.6
90000 258.0
95000 199.4
100000 204.4
105000 300.9
110000 255.5
115000 413.4
120000 473.9
125000 471.6
130000 486.7
135000 305.0
140000 457.2
145000 470.6
150000 490.4
155000 500.0
160000 446.3
165000 518.0
170000 530.8
175000 350.0
180000 466.6
185000 501.9
190000 511.2
195000 550.3
200000 587.9
205000 587.8
210000 613.0
215000 642.2
220000 645.4
225000 674.0
230000 653.5
235000 663.3
240000 623.9
245000 673.7
250000 589.6
255000 649.2
260000 672.5
265000 662.0
270000 663.6
275000 668.9
280000 543.6
285000 572.1
290000 687.0
295000 695.5
300000 706.6
305000 636.9
310000 693.7
315000 745.2
320000 757.4
325000 639.7
330000 719.7
335000 803.5
340000 723.1
345000 743.4
350000 790.3
355000 741.4
360000 763.2
365000 701.1
370000 726.3
375000 743.6
380000 810.8
385000 772.0
390000 745.1
395000 737.3
400000 755.5
405000 725.8
410000 720.6
415000 757.9
420000 726.4
425000 702.2
430000 773.1
435000 751.8
440000 805.0
445000 761.1
450000 757.8
455000 745.2
460000 785.3
465000 710.8
470000 797.1
475000 771.9
480000 765.4
485000 767.7
490000 805.6
495000 782.6
500000 793.1
505000 817.0
510000 832.1
515000 833.4
520000 835.4
525000 838.7
530000 827.6
535000 853.7
540000 820.5
545000 817.7
550000 859.2
555000 808.5
560000 839.4
565000 834.9
570000 820.0
575000 828.9
580000 828.6
585000 844.8
590000 820.3
595000 835.1
600000 857.2
605000 846.6
610000 840.4
615000 813.3
620000 817.5
625000 845.0
630000 847.5
635000 824.5
640000 833.2
645000 848.5
650000 837.5
655000 844.1
660000 837.7
665000 869.4
670000 860.8
675000 895.1
680000 879.2
685000 863.3
690000 866.2
695000 861.6
700000 862.2
705000 885.5
710000 884.3
715000 854.8
720000 876.4
725000 880.6
730000 880.3
735000 886.8
740000 883.9
745000 876.9
750000 894.0
755000 883.7
760000 874.7
765000 864.8
770000 875.9
775000 873.9
780000 895.6
785000 883.6
790000 894.1
795000 848.8
800000 873.7
805000 881.4
810000 873.2
815000 860.0
820000 861.0
825000 876.7
830000 889.7
835000 883.5
840000 858.3
845000 856.5
850000 881.9
855000 893.3
860000 882.8
865000 888.3
870000 875.5
875000 903.2
880000 899.9
885000 857.9
890000 905.4
895000 867.6
900000 895.5
905000 898.2
910000 898.7
915000 896.4
920000 864.5
925000 880.2
930000 881.5
935000 875.4
940000 890.0
945000 889.5
950000 909.7
955000 885.4
960000 890.7
965000 895.2
970000 886.4
975000 891.7
980000 902.8
985000 886.9
990000 900.0
995000 877.3
1000000 898.7
1005000 824.6
1010000 764.7
1015000 832.7
1020000 224.6
1025000 224.8
1030000 832.7
1035000 757.9
1040000 773.2
1045000 815.9
1050000 852.4
1055000 850.9
1060000 626.3
1065000 804.0
1070000 765.1
1075000 782.2
1080000 641.4
1085000 845.7
1090000 835.0
1095000 866.8
1100000 862.8
1105000 860.8
1110000 885.5
1115000 862.8
1120000 873.9
1125000 880.7
1130000 879.3
1135000 873.3
1140000 889.1
1145000 896.8
1150000 876.5
1155000 898.4
1160000 892.1
1165000 899.9
1170000 895.1
1175000 893.9
1180000 900.7
1185000 898.6
1190000 906.7
1195000 885.0
1200000 896.3
1205000 908.0
1210000 921.1
1215000 903.6
1220000 904.5
1225000 918.9
1230000 904.9
1235000 923.3
1240000 912.2
1245000 908.1
1250000 914.7
1255000 938.3
1260000 905.9
1265000 886.7
1270000 878.9
1275000 907.7
1280000 921.1
1285000 893.4
1290000 914.0
1295000 922.9
1300000 901.5
1305000 904.1
1310000 913.5
1315000 918.6
1320000 934.5
1325000 930.9
1330000 926.2
1335000 910.6
1340000 922.3
1345000 918.4
1350000 905.4
1355000 917.2
1360000 921.8
1365000 937.2
1370000 916.7
1375000 912.1
1380000 932.7
1385000 931.1
1390000 922.9
1395000 910.6
1400000 918.3
1405000 938.8
1410000 904.7
1415000 919.1
1420000 937.8
1425000 923.7
1430000 914.5
1435000 939.3
1440000 925.0
1445000 915.6
1450000 930.5
1455000 929.5
1460000 937.4
1465000 942.9
1470000 934.7
1475000 959.3
1480000 933.0
1485000 937.4
1490000 936.4
1495000 918.3
1500000 932.3
1505000 931.2
1510000 912.8
1515000 918.4
1520000 919.4
1525000 938.0
1530000 937.2
1535000 931.1
1540000 918.8
1545000 937.0
1550000 940.5
1555000 944.6
1560000 923.6
1565000 923.0
1570000 931.5
1575000 941.6
1580000 928.4
1585000 928.7
1590000 938.3
1595000 920.9
1600000 940.1
1605000 929.5
1610000 926.3
1615000 919.0
1620000 938.5
1625000 926.2
1630000 936.7
1635000 918.2
1640000 925.7
1645000 923.3
1650000 935.0
1655000 923.5
1660000 928.5
1665000 923.8
1670000 934.5
1675000 921.3
1680000 943.0
1685000 951.2
1690000 930.5
1695000 938.2
1700000 939.5
1705000 936.1
1710000 933.1
1715000 923.1
1720000 935.8
1725000 951.1
1730000 935.6
1735000 925.0
1740000 939.9
1745000 929.3
1750000 926.4
1755000 919.0
1760000 939.0
1765000 925.8
1770000 943.7
1775000 931.2
1780000 935.9
1785000 935.2
1790000 937.9
1795000 926.2
1800000 942.4
1805000 936.9
1810000 935.3
1815000 936.8
1820000 944.9
1825000 931.1
1830000 910.5
1835000 925.9
1840000 943.7
1845000 924.7
1850000 932.6
1855000 936.7
1860000 942.0
1865000 928.9
1870000 920.1
1875000 926.3
1880000 919.8
1885000 928.1
1890000 934.5
1895000 945.0
1900000 934.5
1905000 926.4
1910000 928.3
1915000 929.8
1920000 934.4
1925000 935.4
1930000 936.0
1935000 936.8
1940000 937.7
1945000 911.3
1950000 926.2
1955000 862.9
1960000 938.6
1965000 935.9
1970000 936.3
1975000 926.6
1980000 938.7
1985000 933.0
1990000 945.2
1995000 880.1
2000000 930.4
