5000 28.7
10000 21.0
15000 153.1
20000 105.5
25000 22.2
30000 20.0
35000 11.6
40000 43.3
45000 44.9
50000 67.8
55000 59.4
60000 213.2
65000 299.0
70000 292.1
75000 317.6
80000 197.1
85000 430.0
90000 459.9
95000 460.3
100000 468.5
105000 458.6
110000 446.3
115000 478.8
120000 467.9
125000 494.0
130000 478.8
135000 485.1
140000 511.3
145000 490.1
150000 482.7
155000 544.5
160000 555.9
165000 572.1
170000 556.0
175000 570.1
180000 554.1
185000 607.7
190000 577.9
195000 611.3
200000 624.4
205000 604.9
210000 632.2
215000 631.2
220000 642.9
225000 653.4
230000 674.7
235000 669.2
240000 703.2
245000 634.2
250000 709.1
255000 748.7
260000 758.9
265000 777.5
270000 772.2
275000 729.0
280000 777.5
285000 773.1
290000 781.8
295000 798.1
300000 786.2
305000 806.2
310000 756.6
315000 808.7
320000 740.0
325000 768.7
330000 842.4
335000 789.6
340000 701.8
345000 795.4
350000 840.0
355000 817.1
360000 833.7
365000 816.8
370000 829.2
375000 773.7
380000 835.6
385000 875.1
390000 814.5
395000 865.7
400000 886.1
405000 804.1
410000 804.6
415000 895.1
420000 869.0
425000 874.1
430000 860.0
435000 882.5
440000 812.6
445000 864.8
450000 832.3
455000 859.5
460000 881.4
465000 851.8
470000 873.2
475000 864.0
480000 837.7
485000 861.1
490000 843.2
495000 855.1
500000 879.3
505000 827.5
510000 839.5
515000 856.3
520000 887.4
525000 882.6
530000 882.2
535000 874.7
540000 917.8
545000 895.6
550000 896.2
555000 878.9
560000 900.4
565000 880.9
570000 887.0
575000 855.2
580000 898.3
585000 888.0
590000 896.7
595000 903.6
600000 886.8
605000 895.0
610000 907.6
615000 891.5
620000 885.8
625000 910.7
630000 890.9
635000 914.4
640000 911.0
645000 895.1
650000 894.3
655000 903.8
660000 887.1
665000 904.8
670000 897.4
675000 905.5
680000 832.7
685000 885.0
690000 915.7
695000 918.5
700000 924.6
705000 935.8
710000 928.9
715000 915.4
720000 932.7
725000 922.4
730000 929.9
735000 892.2
740000 908.6
745000 880.3
750000 904.0
755000 912.7
760000 914.1
765000 920.1
770000 920.9
775000 915.1
780000 893.1
785000 850.2
790000 924.5
795000 922.7
800000 932.4
805000 888.7
810000 899.1
815000 912.9
820000 919.9
825000 901.5
830000 903.2
835000 917.0
840000 914.5
845000 904.3
850000 919.1
855000 906.3
860000 882.1
865000 922.4
870000 927.7
875000 928.3
880000 905.5
885000 909.8
890000 934.5
895000 895.9
900000 921.1
905000 904.0
910000 917.3
915000 913.4
920000 923.7
925000 931.0
930000 934.9
935000 922.9
940000 926.7
945000 946.7
950000 924.8
955000 936.7
960000 929.6
965000 938.5
970000 916.0
975000 934.2
980000 905.8
985000 914.7
990000 918.8
995000 936.8
1000000 921.7
1005000 908.5
1010000 528.3
1015000 716.9
1020000 609.6
1025000 692.7
1030000 249.4
1035000 459.4
1040000 832.7
1045000 868.9
1050000 831.4
1055000 857.7
1060000 842.7
1065000 818.8
1070000 868.6
1075000 720.5
1080000 836.1
1085000 817.0
1090000 789.9
1095000 798.9
1100000 883.2
1105000 866.3
1110000 866.4
1115000 877.3
1120000 864.3
1125000 893.6
1130000 885.7
1135000 846.0
1140000 858.7
1145000 885.2
1150000 863.5
1155000 870.4
1160000 886.8
1165000 870.0
1170000 913.3
1175000 878.8
1180000 913.1
1185000 923.6
1190000 939.8
1195000 930.4
1200000 906.2
1205000 920.5
1210000 876.9
1215000 918.7
1220000 921.2
1225000 909.0
1230000 914.0
1235000 919.8
1240000 917.5
1245000 905.6
1250000 905.4
1255000 902.9
1260000 919.0
1265000 933.7
1270000 897.7
1275000 906.6
1280000 943.6
1285000 923.7
1290000 910.2
1295000 894.7
1300000 913.0
1305000 923.0
1310000 946.2
1315000 923.0
1320000 929.1
1325000 904.5
1330000 928.7
1335000 912.0
1340000 871.3
1345000 891.4
1350000 937.1
1355000 893.6
1360000 906.5
1365000 918.3
1370000 856.0
1375000 901.4
1380000 923.0
1385000 885.6
1390000 906.4
1395000 899.6
1400000 950.8
1405000 908.8
1410000 895.3
1415000 902.9
1420000 930.7
1425000 919.7
1430000 930.6
1435000 913.5
1440000 925.5
1445000 928.9
1450000 912.9
1455000 936.8
1460000 886.6
1465000 932.1
1470000 955.2
1475000 906.9
1480000 921.6
1485000 923.3
1490000 948.3
1495000 927.9
1500000 926.8
1505000 926.9
1510000 887.7
1515000 928.4
1520000 928.2
1525000 932.4
1530000 933.8
1535000 882.7
1540000 927.3
1545000 911.0
1550000 892.0
1555000 908.6
1560000 886.3
1565000 929.9
1570000 906.5
1575000 912.5
1580000 936.4
1585000 943.8
1590000 894.6
1595000 903.1
1600000 932.2
1605000 903.7
1610000 934.4
1615000 920.8
1620000 903.5
1625000 935.7
1630000 906.3
1635000 921.3
1640000 953.6
1645000 905.3
1650000 903.2
1655000 930.3
1660000 932.5
1665000 934.5
1670000 940.6
1675000 897.6
1680000 912.8
1685000 955.7
1690000 932.1
1695000 926.8
1700000 940.5
1705000 912.3
1710000 904.4
1715000 909.4
1720000 923.7
1725000 869.9
1730000 920.1
1735000 933.1
1740000 902.8
1745000 872.6
1750000 939.1
1755000 910.4
1760000 934.5
1765000 923.7
1770000 941.4
1775000 892.7
1780000 940.5
1785000 949.3
1790000 937.7
1795000 893.4
1800000 939.8
1805000 937.4
1810000 934.2
1815000 923.9
1820000 920.4
1825000 922.5
1830000 941.4
1835000 932.4
1840000 934.5
1845000 908.2
1850000 935.0
1855000 937.7
1860000 902.8
1865000 929.9
1870000 928.4
1875000 931.2
1880000 941.5
1885000 906.1
1890000 923.4
1895000 930.9
1900000 940.3
1905000 940.6
1910000 921.3
1915000 911.6
1920000 938.4
1925000 950.8
1930000 926.8
1935000 925.0
1940000 939.4
1945000 937.5
1950000 943.6
1955000 948.0
1960000 924.5
1965000 951.3
1970000 951.8
1975000 938.4
1980000 922.0
1985000 932.8
1990000 876.8
1995000 946.7
2000000 957.8
