5000 152.7
10000 156.8
15000 11.9
20000 13.2
25000 42.1
30000 9.8
35000 146.1
40000 108.8
45000 153.7
50000 59.6
55000 87.0
60000 77.3
65000 177.8
70000 32.8
75000 170.9
80000 25.2
85000 156.5
90000 125.1
95000 39.2
100000 108.8
105000 63.0
110000 67.3
115000 129.6
120000 119.2
125000 183.8
130000 133.8
135000 79.2
140000 324.6
145000 278.8
150000 259.0
155000 49.3
160000 237.0
165000 340.3
170000 199.1
175000 94.2
180000 167.0
185000 76.4
190000 120.2
195000 117.0
200000 124.6
205000 145.0
210000 173.7
215000 106.9
220000 203.2
225000 257.3
230000 103.7
235000 208.1
240000 283.4
245000 19.0
250000 118.7
255000 45.1
260000 197.1
265000 235.9
270000 221.2
275000 197.9
280000 264.7
285000 242.5
290000 380.0
295000 249.4
300000 278.0
305000 272.8
310000 241.7
315000 316.2
320000 325.7
325000 348.3
330000 436.3
335000 434.8
340000 194.8
345000 343.8
350000 469.9
355000 425.3
360000 443.2
365000 479.9
370000 433.8
375000 459.1
380000 479.0
385000 467.5
390000 143.6
395000 437.5
400000 377.7
405000 454.3
410000 441.0
415000 410.2
420000 517.5
425000 462.4
430000 454.2
435000 466.7
440000 525.3
445000 501.6
450000 518.3
455000 530.4
460000 536.5
465000 558.0
470000 541.9
475000 583.6
480000 520.9
485000 575.1
490000 584.1
495000 602.8
500000 622.6
505000 642.6
510000 603.7
515000 616.8
520000 611.5
525000 627.7
530000 655.0
535000 598.8
540000 555.1
545000 632.7
550000 597.5
555000 672.5
560000 645.4
565000 613.3
570000 648.6
575000 656.4
580000 632.6
585000 645.0
590000 671.0
595000 663.5
600000 689.3
605000 669.3
610000 685.4
615000 691.6
620000 670.6
625000 653.3
630000 679.4
635000 677.4
640000 703.4
645000 694.2
650000 679.7
655000 666.6
660000 683.6
665000 655.0
670000 721.9
675000 673.1
680000 684.2
685000 704.8
690000 666.1
695000 685.1
700000 685.5
705000 716.0
710000 705.0
715000 697.2
720000 609.0
725000 721.0
730000 690.4
735000 700.6
740000 694.3
745000 742.7
750000 747.7
755000 724.9
760000 718.9
765000 748.0
770000 743.1
775000 734.7
780000 699.2
785000 731.3
790000 727.3
795000 763.0
800000 746.7
805000 752.5
810000 697.9
815000 720.7
820000 748.1
825000 739.6
830000 762.3
835000 778.2
840000 745.0
845000 737.2
850000 744.7
855000 761.9
860000 733.3
865000 762.1
870000 781.7
875000 729.5
880000 757.8
885000 720.1
890000 721.9
895000 745.6
900000 740.8
905000 786.9
910000 778.2
915000 746.5
920000 779.7
925000 740.9
930000 793.6
935000 786.9
940000 777.3
945000 791.6
950000 784.2
955000 742.7
960000 780.9
965000 722.3
970000 789.3
975000 798.1
980000 777.1
985000 714.3
990000 772.7
995000 800.8
1000000 768.0
1005000 701.2
1010000 662.0
1015000 302.5
1020000 366.9
1025000 602.7
1030000 736.6
1035000 604.0
1040000 793.1
1045000 790.2
1050000 784.2
1055000 803.2
1060000 750.4
1065000 710.9
1070000 494.5
1075000 767.2
1080000 760.9
1085000 724.2
1090000 754.1
1095000 775.2
1100000 756.1
1105000 619.5
1110000 589.3
1115000 738.6
1120000 819.5
1125000 818.4
1130000 806.7
1135000 827.2
1140000 802.7
1145000 792.8
1150000 807.1
1155000 822.0
1160000 824.0
1165000 829.1
1170000 817.0
1175000 841.0
1180000 832.3
1185000 734.6
1190000 816.9
1195000 828.2
1200000 786.2
1205000 856.9
1210000 837.4
1215000 843.9
1220000 839.7
1225000 844.2
1230000 844.4
1235000 862.8
1240000 850.8
1245000 857.1
1250000 856.1
1255000 855.3
1260000 851.4
1265000 856.5
1270000 862.7
1275000 840.4
1280000 836.5
1285000 873.4
1290000 869.4
1295000 865.0
1300000 864.9
1305000 855.5
1310000 870.9
1315000 869.4
1320000 812.8
1325000 828.0
1330000 803.3
1335000 852.9
1340000 821.8
1345000 831.8
1350000 832.0
1355000 871.5
1360000 883.7
1365000 803.2
1370000 840.1
1375000 845.1
1380000 886.4
1385000 845.9
1390000 882.5
1395000 874.6
1400000 864.7
1405000 863.8
1410000 859.1
1415000 867.6
1420000 867.9
1425000 839.0
1430000 854.0
1435000 872.9
1440000 892.8
1445000 883.5
1450000 825.8
1455000 873.0
1460000 884.0
1465000 856.5
1470000 866.5
1475000 862.0
1480000 875.6
1485000 879.5
1490000 893.2
1495000 866.0
1500000 848.7
1505000 883.1
1510000 890.6
1515000 876.6
1520000 869.9
1525000 864.1
1530000 877.7
1535000 859.1
1540000 894.8
1545000 876.0
1550000 887.8
1555000 883.4
1560000 866.8
1565000 874.4
1570000 869.8
1575000 825.9
1580000 885.6
1585000 896.8
1590000 848.9
1595000 846.8
1600000 865.8
1605000 882.3
1610000 888.7
1615000 898.7
1620000 900.7
1625000 896.9
1630000 888.7
1635000 887.5
1640000 869.7
1645000 876.5
1650000 910.9
1655000 891.5
1660000 899.5
1665000 871.5
1670000 868.6
1675000 890.2
1680000 847.9
1685000 878.3
1690000 884.2
1695000 740.0
1700000 881.6
1705000 875.9
1710000 888.7
1715000 889.1
1720000 893.3
1725000 877.8
1730000 891.6
1735000 870.2
1740000 879.5
1745000 890.0
1750000 897.3
1755000 869.4
1760000 889.7
1765000 896.7
1770000 857.1
1775000 903.8
1780000 882.5
1785000 878.8
1790000 903.3
1795000 879.4
1800000 902.6
1805000 884.6
1810000 893.9
1815000 896.8
1820000 883.7
1825000 899.3
1830000 890.2
1835000 876.7
1840000 904.2
1845000 892.6
1850000 901.3
1855000 897.0
1860000 895.4
1865000 891.0
1870000 893.6
1875000 877.9
1880000 892.6
1885000 902.3
1890000 893.2
1895000 895.6
1900000 876.3
1905000 892.5
1910000 879.7
1915000 881.2
1920000 907.9
1925000 912.7
1930000 888.7
1935000 876.6
1940000 877.7
1945000 913.0
1950000 894.2
1955000 900.4
1960000 906.5
1965000 897.9
1970000 890.4
1975000 886.7
1980000 882.8
1985000 862.4
1990000 913.6
1995000 890.9
2000000 908.4
