5000 21.3
10000 72.8
15000 60.2
20000 54.8
25000 131.2
30000 206.2
35000 199.1
40000 152.2
45000 55.9
50000 133.2
55000 14.8
60000 109.3
65000 59.7
70000 60.8
75000 26.2
80000 67.3
85000 18.2
90000 253.1
95000 116.0
100000 64.6
105000 127.0
110000 116.3
115000 101.2
120000 222.8
125000 147.5
130000 85.3
135000 189.4
140000 306.7
145000 101.4
150000 261.9
155000 231.9
160000 55.0
165000 239.7
170000 160.0
175000 187.0
180000 216.0
185000 185.7
190000 177.4
195000 271.4
200000 233.8
205000 226.9
210000 236.2
215000 153.4
220000 227.0
225000 388.8
230000 261.3
235000 216.2
240000 307.8
245000 230.5
250000 264.2
255000 276.1
260000 440.1
265000 231.1
270000 227.1
275000 266.9
280000 303.1
285000 236.5
290000 356.1
295000 318.0
300000 286.5
305000 420.0
310000 311.8
315000 367.9
320000 407.5
325000 465.4
330000 398.2
335000 426.8
340000 452.0
345000 391.3
350000 428.7
355000 366.3
360000 503.0
365000 509.5
370000 506.1
375000 518.8
380000 417.4
385000 524.9
390000 509.4
395000 458.9
400000 512.4
405000 350.8
410000 526.3
415000 480.5
420000 553.0
425000 324.2
430000 450.1
435000 375.7
440000 339.3
445000 375.2
450000 548.6
455000 531.3
460000 592.7
465000 533.1
470000 546.4
475000 550.2
480000 623.6
485000 580.9
490000 549.3
495000 631.7
500000 591.0
505000 606.2
510000 655.0
515000 665.8
520000 616.6
525000 605.4
530000 655.4
535000 673.9
540000 608.0
545000 626.3
550000 595.2
555000 680.1
560000 624.3
565000 619.6
570000 677.6
575000 575.8
580000 734.5
585000 672.3
590000 628.2
595000 669.0
600000 707.8
605000 709.2
610000 633.3
615000 666.7
620000 688.7
625000 622.3
630000 634.7
635000 706.1
640000 687.4
645000 683.3
650000 741.5
655000 690.9
660000 716.4
665000 698.7
670000 591.3
675000 643.1
680000 610.3
685000 701.7
690000 575.2
695000 737.1
700000 651.8
705000 670.4
710000 662.5
715000 727.0
720000 725.4
725000 749.9
730000 701.3
735000 681.2
740000 717.7
745000 745.7
750000 737.6
755000 684.8
760000 667.4
765000 753.9
770000 728.9
775000 802.7
780000 749.6
785000 732.7
790000 790.8
795000 773.0
800000 686.2
805000 703.6
810000 764.2
815000 695.3
820000 751.3
825000 721.7
830000 711.6
835000 781.7
840000 773.2
845000 768.2
850000 790.4
855000 774.5
860000 759.7
865000 761.7
870000 819.9
875000 801.8
880000 776.7
885000 789.0
890000 771.8
895000 750.3
900000 785.6
905000 812.1
910000 791.8
915000 752.8
920000 797.7
925000 794.3
930000 786.5
935000 756.7
940000 817.4
945000 768.8
950000 769.9
955000 816.5
960000 781.5
965000 811.1
970000 810.8
975000 790.0
980000 774.2
985000 770.8
990000 795.2
995000 741.5
1000000 802.4
1005000 682.5
1010000 300.5
1015000 377.6
1020000 210.1
1025000 281.8
1030000 523.1
1035000 420.2
1040000 270.8
1045000 522.4
1050000 300.4
1055000 240.9
1060000 327.4
1065000 486.9
1070000 634.0
1075000 449.0
1080000 583.7
1085000 526.6
1090000 246.4
1095000 127.8
1100000 458.1
1105000 465.9
1110000 388.9
1115000 702.1
1120000 670.0
1125000 698.9
1130000 773.3
1135000 757.8
1140000 703.9
1145000 738.5
1150000 721.7
1155000 672.6
1160000 706.3
1165000 753.8
1170000 633.6
1175000 702.2
1180000 710.0
1185000 757.0
1190000 797.2
1195000 762.8
1200000 798.5
1205000 798.1
1210000 771.8
1215000 770.5
1220000 762.3
1225000 791.1
1230000 768.9
1235000 790.6
1240000 805.2
1245000 795.8
1250000 738.9
1255000 731.2
1260000 669.4
1265000 741.2
1270000 664.4
1275000 710.4
1280000 756.9
1285000 794.4
1290000 843.5
1295000 755.6
1300000 795.9
1305000 807.8
1310000 801.1
1315000 809.9
1320000 804.0
1325000 788.7
1330000 803.1
1335000 787.5
1340000 827.3
1345000 806.2
1350000 809.6
1355000 834.9
1360000 804.1
1365000 806.6
1370000 818.0
1375000 807.1
1380000 817.3
1385000 806.1
1390000 800.4
1395000 833.1
1400000 801.6
1405000 827.5
1410000 837.9
1415000 839.3
1420000 819.9
1425000 763.7
1430000 823.9
1435000 799.0
1440000 813.4
1445000 818.6
1450000 824.0
1455000 779.0
1460000 801.1
1465000 858.6
1470000 803.8
1475000 834.4
1480000 814.2
1485000 816.6
1490000 801.5
1495000 815.2
1500000 828.9
1505000 808.5
1510000 806.3
1515000 815.3
1520000 831.1
1525000 825.2
1530000 801.4
1535000 810.6
1540000 803.6
1545000 814.9
1550000 751.1
1555000 812.3
1560000 844.5
1565000 813.8
1570000 843.3
1575000 857.0
1580000 866.3
1585000 844.4
1590000 850.4
1595000 819.3
1600000 831.9
1605000 838.1
1610000 822.4
1615000 871.5
1620000 844.1
1625000 847.9
1630000 853.9
1635000 847.5
1640000 849.3
1645000 850.2
1650000 845.6
1655000 853.8
1660000 865.2
1665000 857.2
1670000 872.3
1675000 832.7
1680000 845.1
1685000 851.1
1690000 851.4
1695000 847.8
1700000 845.8
1705000 855.4
1710000 849.7
1715000 830.7
1720000 856.3
1725000 844.0
1730000 839.9
1735000 820.2
1740000 858.4
1745000 841.5
1750000 876.6
1755000 850.6
1760000 856.1
1765000 830.2
1770000 847.9
1775000 869.7
1780000 873.7
1785000 793.0
1790000 862.0
1795000 865.7
1800000 865.2
1805000 861.2
1810000 856.0
1815000 872.8
1820000 874.7
1825000 852.4
1830000 857.1
1835000 853.9
1840000 859.5
1845000 875.7
1850000 881.2
1855000 844.6
1860000 857.0
1865000 868.0
1870000 862.4
1875000 858.7
1880000 876.0
1885000 845.0
1890000 877.4
1895000 873.8
1900000 881.5
1905000 850.5
1910000 864.1
1915000 866.4
1920000 876.3
1925000 855.0
1930000 880.1
1935000 892.7
1940000 854.1
1945000 857.8
1950000 882.0
1955000 848.9
1960000 859.4
1965000 867.3
1970000 880.1
1975000 871.3
1980000 865.4
1985000 859.5
1990000 859.7
1995000 869.6
2000000 891.3
