5000 124.1
10000 21.3
15000 152.7
20000 114.6
25000 103.6
30000 205.2
35000 150.0
40000 108.0
45000 248.4
50000 49.0
55000 27.6
60000 114.8
65000 104.8
70000 182.5
75000 36.6
80000 224.2
85000 168.9
90000 262.1
95000 297.2
100000 214.0
105000 252.4
110000 198.6
115000 136.8
120000 122.2
125000 172.0
130000 230.8
135000 221.4
140000 200.4
145000 211.7
150000 254.0
155000 174.7
160000 234.0
165000 455.3
170000 417.8
175000 462.4
180000 445.5
185000 402.7
190000 423.3
195000 415.1
200000 469.2
205000 457.0
210000 447.5
215000 493.8
220000 469.9
225000 460.3
230000 473.6
235000 492.6
240000 486.4
245000 502.5
250000 484.5
255000 508.7
260000 516.0
265000 511.9
270000 522.2
275000 533.2
280000 585.3
285000 425.0
290000 615.5
295000 578.9
300000 567.8
305000 553.2
310000 585.5
315000 628.2
320000 617.5
325000 600.1
330000 598.0
335000 614.9
340000 630.1
345000 596.6
350000 601.0
355000 642.6
360000 637.8
365000 626.1
370000 642.7
375000 588.9
380000 589.6
385000 632.1
390000 627.2
395000 664.1
400000 670.9
405000 693.1
410000 664.2
415000 648.7
420000 660.4
425000 656.2
430000 636.0
435000 672.8
440000 482.5
445000 609.8
450000 674.8
455000 636.2
460000 665.4
465000 646.0
470000 641.7
475000 618.6
480000 716.0
485000 725.4
490000 715.2
495000 650.8
500000 722.0
505000 657.4
510000 740.8
515000 636.3
520000 734.8
525000 747.2
530000 673.3
535000 632.3
540000 718.0
545000 689.1
550000 712.1
555000 694.7
560000 718.0
565000 748.0
570000 739.7
575000 770.0
580000 728.2
585000 761.9
590000 747.8
595000 759.0
600000 750.0
605000 799.0
610000 754.5
615000 764.8
620000 736.2
625000 779.5
630000 739.6
635000 760.0
640000 740.9
645000 743.5
650000 739.6
655000 762.5
660000 750.2
665000 773.0
670000 766.8
675000 763.0
680000 782.1
685000 745.4
690000 808.5
695000 801.6
700000 803.5
705000 786.8
710000 801.6
715000 803.0
720000 796.2
725000 805.4
730000 797.8
735000 784.9
740000 831.3
745000 791.2
750000 827.7
755000 791.2
760000 820.1
765000 806.2
770000 807.8
775000 795.5
780000 798.9
785000 816.1
790000 815.0
795000 823.8
800000 824.7
805000 837.5
810000 834.6
815000 834.0
820000 862.0
825000 817.3
830000 833.2
835000 819.8
840000 802.6
845000 840.7
850000 830.2
855000 829.2
860000 846.8
865000 837.2
870000 834.4
875000 790.1
880000 830.1
885000 854.2
890000 829.4
895000 850.7
900000 829.4
905000 854.4
910000 842.2
915000 848.2
920000 836.0
925000 835.8
930000 823.9
935000 851.9
940000 812.7
945000 828.6
950000 813.7
955000 874.0
960000 856.6
965000 860.9
970000 833.7
975000 851.5
980000 884.2
985000 859.9
990000 834.8
995000 858.4
1000000 877.5
1005000 825.6
1010000 807.4
1015000 603.1
1020000 516.9
1025000 727.8
1030000 736.8
1035000 827.2
1040000 822.2
1045000 851.2
1050000 840.6
1055000 840.3
1060000 814.0
1065000 838.8
1070000 868.1
1075000 854.0
1080000 883.9
1085000 856.0
1090000 828.1
1095000 855.8
1100000 845.6
1105000 844.1
1110000 829.8
1115000 856.5
1120000 866.6
1125000 834.4
1130000 868.1
1135000 858.2
1140000 869.8
1145000 866.9
1150000 865.7
1155000 869.1
1160000 849.3
1165000 877.0
1170000 847.7
1175000 866.8
1180000 834.3
1185000 861.2
1190000 874.2
1195000 863.8
1200000 883.8
1205000 847.2
1210000 885.2
1215000 871.0
1220000 881.1
1225000 878.7
1230000 863.3
1235000 864.8
1240000 886.1
1245000 894.4
1250000 865.2
1255000 879.6
1260000 866.1
1265000 866.3
1270000 875.7
1275000 878.3
1280000 872.5
1285000 879.3
1290000 886.3
1295000 853.7
1300000 884.2
1305000 861.1
1310000 873.2
1315000 881.3
1320000 870.9
1325000 893.2
1330000 873.5
1335000 879.8
1340000 883.8
1345000 885.4
1350000 857.4
1355000 859.6
1360000 865.6
1365000 782.7
1370000 864.1
1375000 853.9
1380000 857.2
1385000 876.9
1390000 870.2
1395000 868.8
1400000 881.8
1405000 884.5
1410000 857.2
1415000 872.5
1420000 873.9
1425000 894.3
1430000 872.1
1435000 870.8
1440000 874.8
1445000 870.0
1450000 881.9
1455000 875.7
1460000 876.9
1465000 880.8
1470000 850.5
1475000 869.1
1480000 885.2
1485000 887.3
1490000 882.3
1495000 884.4
1500000 900.7
1505000 874.3
1510000 878.7
1515000 871.8
1520000 872.2
1525000 860.7
1530000 852.0
1535000 894.8
1540000 888.7
1545000 881.2
1550000 893.4
1555000 882.6
1560000 892.5
1565000 887.9
1570000 883.8
1575000 888.8
1580000 877.7
1585000 894.3
1590000 867.7
1595000 884.5
1600000 880.9
1605000 884.0
1610000 876.7
1615000 894.6
1620000 866.9
1625000 892.4
1630000 889.3
1635000 902.8
1640000 896.5
1645000 896.7
1650000 886.2
1655000 880.9
1660000 873.0
1665000 880.1
1670000 878.0
1675000 878.2
1680000 893.0
1685000 898.6
1690000 889.2
1695000 898.3
1700000 887.8
1705000 885.1
1710000 899.9
1715000 874.8
1720000 858.4
1725000 867.6
1730000 890.5
1735000 900.2
1740000 894.3
1745000 874.3
1750000 847.6
1755000 905.0
1760000 882.3
1765000 878.0
1770000 900.9
1775000 893.6
1780000 874.3
1785000 888.6
1790000 877.6
1795000 877.6
1800000 905.7
1805000 888.3
1810000 895.0
1815000 895.5
1820000 880.3
1825000 897.6
1830000 889.5
1835000 896.8
1840000 858.3
1845000 895.0
1850000 872.3
1855000 890.9
1860000 884.4
1865000 896.3
1870000 876.9
1875000 884.1
1880000 898.2
1885000 887.0
1890000 907.7
1895000 891.4
1900000 870.6
1905000 883.0
1910000 888.2
1915000 898.0
1920000 874.8
1925000 883.6
1930000 886.8
1935000 897.4
1940000 909.0
1945000 887.2
1950000 884.1
1955000 882.6
1960000 897.2
1965000 907.5
1970000 890.8
1975000 881.9
1980000 890.6
1985000 869.5
1990000 894.9
1995000 883.2
2000000 867.7
