5000 185.5
10000 146.3
15000 15.2
20000 60.2
25000 119.1
30000 57.9
35000 28.7
40000 25.3
45000 110.9
50000 16.9
55000 95.6
60000 204.1
65000 109.3
70000 111.2
75000 232.5
80000 74.0
85000 16.7
90000 18.3
95000 72.2
100000 43.5
105000 53.5
110000 51.1
115000 24.3
120000 19.0
125000 78.7
130000 50.1
135000 89.4
140000 25.5
145000 46.8
150000 187.9
155000 213.6
160000 204.1
165000 227.7
170000 147.8
175000 170.2
180000 193.6
185000 162.2
190000 155.1
195000 195.2
200000 323.3
205000 288.2
210000 260.7
215000 324.9
220000 172.4
225000 394.3
230000 348.3
235000 428.5
240000 440.6
245000 452.7
250000 452.2
255000 473.5
260000 406.7
265000 425.7
270000 375.4
275000 429.6
280000 481.6
285000 484.7
290000 471.5
295000 480.9
300000 487.1
305000 441.4
310000 454.0
315000 471.3
320000 464.2
325000 462.9
330000 486.1
335000 467.2
340000 484.3
345000 483.1
350000 474.6
355000 508.1
360000 481.7
365000 506.9
370000 486.8
375000 514.3
380000 476.4
385000 489.0
390000 511.4
395000 492.9
400000 583.9
405000 539.1
410000 518.8
415000 561.0
420000 582.4
425000 539.0
430000 555.2
435000 589.8
440000 599.4
445000 606.3
450000 580.3
455000 607.2
460000 623.2
465000 600.4
470000 629.1
475000 663.4
480000 649.3
485000 574.9
490000 567.9
495000 677.1
500000 654.7
505000 668.5
510000 688.0
515000 667.4
520000 700.9
525000 604.4
530000 625.4
535000 679.9
540000 682.7
545000 643.0
550000 666.8
555000 686.4
560000 665.4
565000 726.9
570000 680.8
575000 695.5
580000 695.9
585000 709.6
590000 776.2
595000 727.2
600000 790.5
605000 744.2
610000 713.8
615000 771.8
620000 800.8
625000 754.9
630000 752.9
635000 749.2
640000 793.6
645000 751.9
650000 798.3
655000 744.3
660000 778.2
665000 748.7
670000 801.3
675000 756.1
680000 800.0
685000 828.5
690000 816.0
695000 740.8
700000 834.4
705000 810.2
710000 833.2
715000 849.5
720000 844.5
725000 843.8
730000 816.0
735000 827.3
740000 874.8
745000 834.1
750000 850.9
755000 819.7
760000 851.4
765000 845.2
770000 831.1
775000 866.7
780000 883.2
785000 816.5
790000 760.3
795000 855.0
800000 839.4
805000 790.7
810000 843.2
815000 811.7
820000 820.0
825000 825.1
830000 859.0
835000 850.1
840000 865.5
845000 860.1
850000 810.5
855000 843.4
860000 877.2
865000 819.1
870000 816.9
875000 848.9
880000 725.8
885000 852.8
890000 858.2
895000 859.9
900000 864.3
905000 696.3
910000 770.7
915000 817.3
920000 846.4
925000 771.6
930000 851.4
935000 837.5
940000 881.6
945000 877.5
950000 823.8
955000 848.2
960000 892.3
965000 890.1
970000 881.6
975000 860.0
980000 863.3
985000 719.6
990000 893.3
995000 842.0
1000000 850.7
1005000 786.9
1010000 310.6
1015000 266.4
1020000 114.5
1025000 262.0
1030000 443.2
1035000 547.6
1040000 708.3
1045000 643.7
1050000 766.8
1055000 349.1
1060000 209.5
1065000 290.8
1070000 418.0
1075000 378.6
1080000 359.5
1085000 542.9
1090000 548.6
1095000 436.2
1100000 661.8
1105000 743.4
1110000 768.7
1115000 659.3
1120000 749.7
1125000 740.1
1130000 615.4
1135000 664.0
1140000 672.6
1145000 844.4
1150000 838.3
1155000 605.1
1160000 562.9
1165000 656.8
1170000 502.7
1175000 669.0
1180000 624.9
1185000 747.8
1190000 646.4
1195000 593.5
1200000 559.4
1205000 696.8
1210000 697.4
1215000 735.0
1220000 772.2
1225000 800.7
1230000 757.9
1235000 774.3
1240000 749.1
1245000 821.0
1250000 783.6
1255000 859.0
1260000 892.9
1265000 834.7
1270000 876.7
1275000 878.5
1280000 589.9
1285000 572.0
1290000 845.8
1295000 832.3
1300000 835.2
1305000 890.6
1310000 859.9
1315000 771.8
1320000 859.9
1325000 877.4
1330000 854.8
1335000 926.7
1340000 883.4
1345000 867.2
1350000 880.9
1355000 862.4
1360000 902.2
1365000 892.0
1370000 893.0
1375000 871.0
1380000 884.6
1385000 873.3
1390000 806.5
1395000 885.1
1400000 867.2
1405000 837.0
1410000 851.4
1415000 879.4
1420000 904.2
1425000 888.3
1430000 892.4
1435000 907.8
1440000 891.1
1445000 904.8
1450000 887.3
1455000 900.3
1460000 928.1
1465000 905.5
1470000 909.1
1475000 883.9
1480000 887.6
1485000 916.2
1490000 925.7
1495000 928.9
1500000 897.1
1505000 914.3
1510000 931.2
1515000 911.7
1520000 906.2
1525000 919.0
1530000 902.5
1535000 928.0
1540000 914.6
1545000 921.7
1550000 916.4
1555000 918.2
1560000 932.3
1565000 935.3
1570000 912.5
1575000 927.3
1580000 905.7
1585000 908.4
1590000 915.2
1595000 898.5
1600000 915.6
1605000 889.8
1610000 930.7
1615000 920.6
1620000 897.8
1625000 908.1
1630000 915.8
1635000 936.6
1640000 899.7
1645000 850.4
1650000 905.1
1655000 926.2
1660000 920.6
1665000 833.0
1670000 934.0
1675000 912.5
1680000 930.2
1685000 919.0
1690000 880.6
1695000 930.9
1700000 912.3
1705000 895.5
1710000 887.8
1715000 919.9
1720000 898.8
1725000 877.9
1730000 901.6
1735000 902.6
1740000 905.6
1745000 895.8
1750000 887.6
1755000 902.1
1760000 938.8
1765000 918.3
1770000 923.8
1775000 926.5
1780000 894.4
1785000 870.6
1790000 883.6
1795000 910.6
1800000 910.1
1805000 932.1
1810000 920.7
1815000 905.4
1820000 893.4
1825000 912.3
1830000 897.6
1835000 893.1
1840000 920.1
1845000 924.4
1850000 908.3
1855000 905.0
1860000 929.2
1865000 934.4
1870000 928.4
1875000 922.9
1880000 937.8
1885000 922.6
1890000 930.1
1895000 926.9
1900000 929.9
1905000 952.9
1910000 921.1
1915000 935.0
1920000 918.1
1925000 920.2
1930000 936.0
1935000 928.7
1940000 947.5
1945000 910.9
1950000 930.2
1955000 913.3
1960000 932.4
1965000 932.1
1970000 930.8
1975000 942.9
1980000 941.9
1985000 917.0
1990000 914.0
1995000 918.3
2000000 928.0
