5000 61.1
10000 41.0
15000 65.7
20000 195.3
25000 104.3
30000 107.8
35000 246.8
40000 154.2
45000 156.1
50000 106.4
55000 127.5
60000 41.0
65000 109.8
70000 58.2
75000 143.7
80000 157.6
85000 209.8
90000 148.9
95000 25.8
100000 69.5
105000 62.3
110000 96.2
115000 112.4
120000 122.2
125000 36.1
130000 66.0
135000 107.6
140000 154.6
145000 157.9
150000 265.4
155000 306.4
160000 135.2
165000 87.2
170000 215.0
175000 349.1
180000 372.8
185000 339.2
190000 373.1
195000 446.6
200000 336.5
205000 359.7
210000 441.4
215000 461.9
220000 484.6
225000 475.2
230000 479.4
235000 487.6
240000 519.0
245000 482.8
250000 531.4
255000 501.2
260000 498.3
265000 520.8
270000 521.1
275000 488.1
280000 543.8
285000 521.4
290000 498.5
295000 544.5
300000 553.1
305000 628.4
310000 586.3
315000 604.2
320000 608.5
325000 533.5
330000 629.2
335000 611.9
340000 635.4
345000 643.5
350000 607.2
355000 608.3
360000 614.4
365000 624.8
370000 669.0
375000 619.7
380000 639.8
385000 664.9
390000 630.2
395000 659.2
400000 638.4
405000 678.0
410000 671.6
415000 689.1
420000 691.7
425000 675.4
430000 732.3
435000 656.6
440000 658.3
445000 784.1
450000 711.7
455000 668.6
460000 684.6
465000 770.8
470000 798.9
475000 779.3
480000 808.6
485000 758.5
490000 769.9
495000 753.6
500000 759.4
505000 816.0
510000 789.2
515000 796.0
520000 831.3
525000 796.9
530000 801.4
535000 832.3
540000 799.8
545000 819.6
550000 826.6
555000 784.8
560000 829.2
565000 847.8
570000 849.9
575000 836.6
580000 805.5
585000 832.5
590000 863.2
595000 866.6
600000 859.0
605000 843.2
610000 844.6
615000 845.1
620000 822.0
625000 837.8
630000 838.4
635000 844.6
640000 842.4
645000 810.8
650000 852.6
655000 844.5
660000 855.8
665000 851.6
670000 856.3
675000 868.0
680000 844.8
685000 854.1
690000 849.1
695000 860.4
700000 845.8
705000 865.1
710000 843.9
715000 846.2
720000 881.6
725000 842.9
730000 852.2
735000 831.4
740000 824.7
745000 856.5
750000 863.2
755000 859.0
760000 860.9
765000 860.9
770000 841.0
775000 842.5
780000 862.3
785000 865.7
790000 850.0
795000 874.6
800000 871.1
805000 886.3
810000 849.5
815000 846.5
820000 863.6
825000 883.4
830000 848.3
835000 870.8
840000 836.7
845000 875.2
850000 878.4
855000 882.4
860000 878.4
865000 873.6
870000 869.1
875000 885.6
880000 886.2
885000 877.6
890000 883.5
895000 881.4
900000 877.0
905000 871.1
910000 883.2
915000 876.5
920000 874.7
925000 889.9
930000 870.8
935000 876.5
940000 886.7
945000 887.4
950000 896.4
955000 898.2
960000 877.3
965000 886.5
970000 873.0
975000 890.3
980000 856.8
985000 878.2
990000 893.8
995000 888.5
1000000 892.8
1005000 868.7
1010000 284.0
1015000 558.6
1020000 795.7
1025000 780.6
1030000 807.8
1035000 863.7
1040000 847.1
1045000 813.7
1050000 836.7
1055000 814.6
1060000 848.4
1065000 878.9
1070000 871.9
1075000 836.4
1080000 858.9
1085000 878.5
1090000 866.9
1095000 903.4
1100000 888.9
1105000 861.6
1110000 880.1
1115000 828.3
1120000 869.3
1125000 866.0
1130000 889.6
1135000 875.7
1140000 855.5
1145000 907.3
1150000 872.3
1155000 901.7
1160000 902.5
1165000 910.5
1170000 895.0
1175000 916.3
1180000 887.4
1185000 899.0
1190000 891.4
1195000 893.4
1200000 905.8
1205000 891.5
1210000 871.8
1215000 893.7
1220000 879.5
1225000 905.3
1230000 880.9
1235000 888.0
1240000 890.8
1245000 894.1
1250000 899.5
1255000 921.9
1260000 905.4
1265000 905.5
1270000 882.8
1275000 907.1
1280000 898.3
1285000 906.9
1290000 922.5
1295000 907.5
1300000 892.0
1305000 910.5
1310000 915.4
1315000 897.1
1320000 886.7
1325000 884.2
1330000 900.2
1335000 891.4
1340000 926.1
1345000 904.7
1350000 908.2
1355000 916.4
1360000 913.5
1365000 909.1
1370000 901.7
1375000 904.5
1380000 915.7
1385000 907.0
1390000 931.3
1395000 923.0
1400000 919.1
1405000 912.8
1410000 916.5
1415000 913.6
1420000 848.6
1425000 900.6
1430000 914.7
1435000 915.0
1440000 925.7
1445000 940.1
1450000 922.3
1455000 914.0
1460000 920.4
1465000 930.5
1470000 911.0
1475000 916.9
1480000 882.3
1485000 922.1
1490000 915.8
1495000 913.5
1500000 867.3
1505000 921.3
1510000 917.5
1515000 929.9
1520000 911.1
1525000 924.7
1530000 919.8
1535000 928.4
1540000 909.1
1545000 918.7
1550000 946.1
1555000 942.3
1560000 922.7
1565000 927.0
1570000 926.9
1575000 919.6
1580000 924.1
1585000 914.3
1590000 920.3
1595000 935.5
1600000 923.7
1605000 930.5
1610000 919.0
1615000 921.6
1620000 942.9
1625000 921.0
1630000 938.7
1635000 938.5
1640000 930.9
1645000 920.6
1650000 916.6
1655000 947.3
1660000 936.9
1665000 929.8
1670000 924.2
1675000 906.2
1680000 923.1
1685000 917.2
1690000 927.9
1695000 928.2
1700000 914.0
1705000 911.2
1710000 937.6
1715000 931.7
1720000 897.7
1725000 901.0
1730000 924.3
1735000 925.8
1740000 910.1
1745000 928.6
1750000 923.3
1755000 925.0
1760000 932.1
1765000 934.1
1770000 918.8
1775000 915.0
1780000 930.0
1785000 921.3
1790000 906.5
1795000 916.3
1800000 917.3
1805000 927.9
1810000 931.0
1815000 909.5
1820000 922.4
1825000 923.6
1830000 938.0
1835000 921.4
1840000 929.3
1845000 933.8
1850000 922.5
1855000 931.1
1860000 932.9
1865000 932.5
1870000 928.2
1875000 915.2
1880000 929.1
1885000 936.4
1890000 922.6
1895000 932.0
1900000 916.6
1905000 915.3
1910000 921.0
1915000 934.2
1920000 932.2
1925000 920.1
1930000 930.8
1935000 927.9
1940000 920.8
1945000 924.9
1950000 934.3
1955000 937.5
1960000 939.9
1965000 928.1
1970000 944.7
1975000 935.8
1980000 935.1
1985000 938.2
1990000 912.7
1995000 956.1
2000000 942.2
