5000 300.0
10000 102.1
15000 198.7
20000 0.0
25000 107.7
30000 216.1
35000 103.0
40000 105.3
45000 4.9
50000 13.7
55000 85.2
60000 96.8
65000 16.7
70000 0.0
75000 100.0
80000 149.9
85000 207.2
90000 175.5
95000 48.0
100000 181.1
105000 97.1
110000 100.0
115000 350.5
120000 194.2
125000 262.9
130000 111.2
135000 172.8
140000 191.1
145000 98.3
150000 89.2
155000 87.6
160000 213.1
165000 363.2
170000 4.2
175000 285.5
180000 187.1
185000 96.3
190000 298.6
195000 392.8
200000 195.6
205000 314.2
210000 96.7
215000 294.5
220000 292.6
225000 291.5
230000 194.1
235000 259.8
240000 311.3
245000 194.0
250000 378.9
255000 190.4
260000 217.9
265000 290.3
270000 382.5
275000 395.1
280000 393.4
285000 490.7
290000 589.1
295000 369.6
300000 352.6
305000 196.7
310000 327.6
315000 548.2
320000 295.0
325000 490.1
330000 193.5
335000 324.8
340000 391.8
345000 391.2
350000 100.0
355000 487.4
360000 634.6
365000 586.4
370000 591.6
375000 290.5
380000 479.1
385000 486.5
390000 458.1
395000 398.6
400000 571.2
405000 665.1
410000 779.1
415000 273.4
420000 772.6
425000 760.3
430000 493.6
435000 676.3
440000 437.6
445000 572.1
450000 578.7
455000 197.5
460000 677.4
465000 671.7
470000 732.3
475000 388.0
480000 671.6
485000 487.4
490000 749.7
495000 591.1
500000 964.8
505000 679.4
510000 682.4
515000 571.5
520000 487.9
525000 781.2
530000 455.1
535000 592.5
540000 466.9
545000 539.2
550000 850.2
555000 771.5
560000 665.1
565000 783.1
570000 680.9
575000 671.8
580000 763.8
585000 683.4
590000 675.8
595000 867.6
600000 871.5
605000 783.1
610000 876.6
615000 852.5
620000 888.4
625000 870.0
630000 584.5
635000 676.8
640000 616.3
645000 785.9
650000 788.4
655000 491.7
660000 682.8
665000 679.3
670000 971.8
675000 768.1
680000 778.6
685000 776.5
690000 835.6
695000 975.2
700000 874.6
705000 774.3
710000 582.0
715000 868.3
720000 956.3
725000 764.4
730000 962.0
735000 681.8
740000 777.4
745000 971.7
750000 870.2
755000 876.6
760000 769.4
765000 967.1
770000 849.1
775000 872.7
780000 755.8
785000 857.8
790000 857.5
795000 868.5
800000 975.9
805000 867.3
810000 866.9
815000 869.1
820000 772.3
825000 874.1
830000 686.9
835000 590.4
840000 973.6
845000 782.4
850000 683.0
855000 953.0
860000 872.2
865000 785.1
870000 868.5
875000 870.9
880000 696.4
885000 962.3
890000 968.4
895000 778.0
900000 880.4
905000 780.3
910000 961.7
915000 982.5
920000 863.4
925000 666.7
930000 783.6
935000 972.6
940000 957.1
945000 959.7
950000 968.7
955000 959.9
960000 862.0
965000 657.3
970000 956.1
975000 861.2
980000 878.7
985000 778.7
990000 973.1
995000 971.3
1000000 878.6
1005000 872.5
1010000 564.2
1015000 643.3
1020000 727.1
1025000 515.3
1030000 777.5
1035000 634.1
1040000 760.2
1045000 855.9
1050000 538.7
1055000 741.4
1060000 662.4
1065000 649.4
1070000 760.8
1075000 639.2
1080000 874.8
1085000 845.0
1090000 466.2
1095000 770.7
1100000 973.8
1105000 747.0
1110000 674.5
1115000 760.6
1120000 761.5
1125000 672.4
1130000 864.4
1135000 685.1
1140000 966.1
1145000 894.4
1150000 865.0
1155000 581.5
1160000 857.6
1165000 864.8
1170000 754.4
1175000 866.3
1180000 765.1
1185000 967.3
1190000 666.0
1195000 766.6
1200000 876.2
1205000 770.9
1210000 575.1
1215000 687.6
1220000 755.1
1225000 787.3
1230000 678.9
1235000 855.1
1240000 778.8
1245000 758.3
1250000 762.0
1255000 870.5
1260000 777.0
1265000 969.2
1270000 669.5
1275000 871.5
1280000 770.7
1285000 915.4
1290000 662.3
1295000 665.0
1300000 975.7
1305000 871.5
1310000 954.6
1315000 684.3
1320000 867.6
1325000 682.2
1330000 874.1
1335000 679.9
1340000 877.6
1345000 870.1
1350000 682.7
1355000 951.6
1360000 977.1
1365000 774.9
1370000 578.0
1375000 776.8
1380000 823.8
1385000 779.0
1390000 874.3
1395000 775.4
1400000 967.7
1405000 767.8
1410000 972.2
1415000 858.3
1420000 880.3
1425000 782.3
1430000 878.2
1435000 885.6
1440000 780.3
1445000 872.6
1450000 963.4
1455000 780.4
1460000 782.4
1465000 861.4
1470000 876.8
1475000 872.2
1480000 870.0
1485000 956.5
1490000 777.2
1495000 887.7
1500000 958.7
1505000 977.1
1510000 958.4
1515000 848.4
1520000 878.1
1525000 868.9
1530000 776.4
1535000 973.3
1540000 978.4
1545000 963.8
1550000 963.1
1555000 761.6
1560000 983.4
1565000 969.6
1570000 969.7
1575000 963.0
1580000 673.8
1585000 979.3
1590000 677.0
1595000 880.0
1600000 870.9
1605000 875.3
1610000 854.5
1615000 952.1
1620000 972.6
1625000 863.5
1630000 970.8
1635000 976.0
1640000 981.1
1645000 971.2
1650000 960.7
1655000 837.8
1660000 964.9
1665000 953.8
1670000 860.8
1675000 879.7
1680000 778.6
1685000 977.0
1690000 971.2
1695000 972.6
1700000 975.0
1705000 978.6
1710000 967.1
1715000 964.9
1720000 966.7
1725000 878.9
1730000 963.7
1735000 973.4
1740000 873.1
1745000 967.6
1750000 970.9
1755000 866.5
1760000 674.7
1765000 884.7
1770000 963.3
1775000 772.9
1780000 781.5
1785000 981.8
1790000 878.5
1795000 985.0
1800000 864.2
1805000 882.8
1810000 875.9
1815000 980.7
1820000 971.4
1825000 968.6
1830000 873.4
1835000 974.1
1840000 967.1
1845000 871.1
1850000 968.6
1855000 972.0
1860000 875.1
1865000 866.7
1870000 951.4
1875000 975.4
1880000 973.8
1885000 974.2
1890000 976.4
1895000 978.2
1900000 975.1
1905000 984.4
1910000 881.4
1915000 973.5
1920000 982.9
1925000 963.6
1930000 977.9
1935000 979.4
1940000 971.8
1945000 877.9
1950000 983.7
1955000 868.9
1960000 977.7
1965000 881.0
1970000 874.4
1975000 965.9
1980000 967.5
1985000 976.8
1990000 973.5
1995000 876.7
2000000 974.3
