5000 0.0
10000 0.0
15000 6.7
20000 0.8
25000 82.7
30000 2.0
35000 3.0
40000 267.7
45000 5.9
50000 203.9
55000 250.3
60000 103.3
65000 5.2
70000 48.2
75000 181.1
80000 198.6
85000 276.4
90000 0.0
95000 474.2
100000 572.9
105000 292.0
110000 260.1
115000 365.9
120000 278.8
125000 392.5
130000 291.3
135000 130.7
140000 117.7
145000 197.4
150000 186.3
155000 100.5
160000 97.4
165000 438.3
170000 202.1
175000 347.0
180000 309.7
185000 358.1
190000 194.6
195000 100.0
200000 290.3
205000 576.5
210000 100.1
215000 291.4
220000 476.4
225000 590.1
230000 291.2
235000 193.8
240000 98.5
245000 291.0
250000 588.8
255000 195.7
260000 256.3
265000 482.6
270000 387.9
275000 296.2
280000 471.4
285000 294.6
290000 390.9
295000 293.6
300000 489.4
305000 486.6
310000 294.4
315000 192.0
320000 291.5
325000 394.9
330000 495.2
335000 292.2
340000 393.7
345000 581.1
350000 486.0
355000 587.9
360000 590.4
365000 465.8
370000 613.6
375000 446.1
380000 458.8
385000 578.2
390000 393.7
395000 195.3
400000 392.0
405000 477.3
410000 486.6
415000 384.8
420000 588.4
425000 576.7
430000 676.3
435000 488.0
440000 485.7
445000 393.4
450000 481.4
455000 290.2
460000 472.3
465000 388.7
470000 394.1
475000 478.6
480000 579.5
485000 783.3
490000 686.0
495000 583.6
500000 388.2
505000 574.6
510000 583.2
515000 842.2
520000 581.5
525000 776.1
530000 588.1
535000 572.6
540000 779.4
545000 573.6
550000 774.1
555000 769.4
560000 685.5
565000 649.5
570000 757.5
575000 779.0
580000 484.8
585000 681.4
590000 684.0
595000 585.0
600000 567.6
605000 557.3
610000 680.0
615000 618.1
620000 677.9
625000 867.8
630000 769.8
635000 576.4
640000 782.6
645000 777.2
650000 661.9
655000 486.2
660000 712.0
665000 678.1
670000 769.9
675000 958.0
680000 863.5
685000 873.0
690000 683.0
695000 778.5
700000 877.5
705000 672.8
710000 759.6
715000 658.4
720000 974.4
725000 779.2
730000 881.7
735000 778.2
740000 968.7
745000 674.1
750000 862.6
755000 869.2
760000 965.8
765000 778.1
770000 764.6
775000 878.5
780000 877.3
785000 875.8
790000 984.2
795000 586.8
800000 876.9
805000 961.3
810000 853.3
815000 665.0
820000 872.6
825000 870.6
830000 730.6
835000 780.4
840000 970.7
845000 977.9
850000 970.8
855000 875.0
860000 878.4
865000 963.0
870000 768.0
875000 964.5
880000 858.5
885000 776.7
890000 801.7
895000 882.4
900000 962.3
905000 858.1
910000 871.8
915000 970.9
920000 860.4
925000 955.3
930000 780.6
935000 974.0
940000 866.3
945000 786.9
950000 973.4
955000 960.9
960000 961.7
965000 869.7
970000 778.4
975000 859.2
980000 860.6
985000 873.8
990000 850.2
995000 967.9
1000000 784.2
1005000 722.8
1010000 750.5
1015000 487.2
1020000 564.5
1025000 787.4
1030000 683.5
1035000 701.5
1040000 567.7
1045000 434.2
1050000 713.8
1055000 669.8
1060000 579.7
1065000 770.2
1070000 661.0
1075000 682.5
1080000 394.0
1085000 602.4
1090000 732.0
1095000 591.2
1100000 772.7
1105000 762.9
1110000 675.4
1115000 485.4
1120000 450.7
1125000 697.6
1130000 564.0
1135000 775.8
1140000 604.9
1145000 533.9
1150000 530.6
1155000 754.4
1160000 754.6
1165000 985.1
1170000 670.3
1175000 733.5
1180000 660.4
1185000 769.2
1190000 677.1
1195000 775.0
1200000 870.6
1205000 867.8
1210000 680.4
1215000 582.8
1220000 583.8
1225000 853.5
1230000 769.9
1235000 677.4
1240000 858.8
1245000 857.8
1250000 682.7
1255000 484.6
1260000 872.4
1265000 869.0
1270000 784.3
1275000 798.3
1280000 973.0
1285000 778.8
1290000 587.8
1295000 780.7
1300000 779.3
1305000 645.1
1310000 868.6
1315000 803.0
1320000 778.6
1325000 872.2
1330000 678.2
1335000 858.2
1340000 865.8
1345000 960.8
1350000 774.7
1355000 855.7
1360000 966.6
1365000 679.1
1370000 877.5
1375000 870.3
1380000 877.8
1385000 867.0
1390000 877.2
1395000 870.4
1400000 777.9
1405000 877.0
1410000 972.0
1415000 963.9
1420000 777.3
1425000 957.7
1430000 591.5
1435000 871.9
1440000 971.4
1445000 865.5
1450000 864.1
1455000 880.5
1460000 975.9
1465000 924.5
1470000 866.3
1475000 869.1
1480000 959.2
1485000 964.2
1490000 974.1
1495000 975.4
1500000 868.0
1505000 973.1
1510000 975.3
1515000 963.0
1520000 674.4
1525000 856.4
1530000 958.4
1535000 878.9
1540000 965.3
1545000 738.9
1550000 870.5
1555000 866.8
1560000 871.7
1565000 959.1
1570000 783.0
1575000 960.7
1580000 975.5
1585000 957.9
1590000 963.3
1595000 962.8
1600000 832.8
1605000 967.9
1610000 962.0
1615000 874.7
1620000 977.4
1625000 956.5
1630000 975.4
1635000 780.1
1640000 876.2
1645000 872.3
1650000 962.2
1655000 777.1
1660000 874.2
1665000 876.3
1670000 880.1
1675000 884.3
1680000 877.5
1685000 948.7
1690000 968.3
1695000 885.0
1700000 873.5
1705000 971.6
1710000 969.0
1715000 963.0
1720000 876.2
1725000 880.8
1730000 972.9
1735000 871.9
1740000 688.7
1745000 976.6
1750000 777.5
1755000 962.8
1760000 674.6
1765000 872.7
1770000 872.8
1775000 972.7
1780000 961.0
1785000 973.9
1790000 971.8
1795000 875.2
1800000 679.9
1805000 865.9
1810000 883.0
1815000 875.2
1820000 865.6
1825000 877.8
1830000 876.7
1835000 868.3
1840000 967.2
1845000 972.0
1850000 969.0
1855000 967.0
1860000 916.6
1865000 974.5
1870000 979.7
1875000 936.1
1880000 741.5
1885000 777.7
1890000 965.3
1895000 856.2
1900000 967.6
1905000 970.7
1910000 962.7
1915000 896.4
1920000 973.0
1925000 977.7
1930000 880.1
1935000 973.6
1940000 967.5
1945000 857.8
1950000 978.3
1955000 863.3
1960000 881.6
1965000 860.7
1970000 873.6
1975000 779.7
1980000 786.6
1985000 875.5
1990000 967.8
1995000 967.1
2000000 969.0
