5000 100.0
10000 100.0
15000 0.0
20000 0.0
25000 200.0
30000 0.0
35000 1.6
40000 194.3
45000 224.9
50000 91.7
55000 61.7
60000 111.6
65000 97.3
70000 377.3
75000 0.4
80000 146.2
85000 1.9
90000 305.1
95000 0.4
100000 298.6
105000 314.6
110000 306.8
115000 184.0
120000 147.4
125000 197.2
130000 127.3
135000 116.8
140000 290.9
145000 385.6
150000 96.9
155000 193.4
160000 161.5
165000 283.7
170000 96.4
175000 197.4
180000 97.7
185000 128.5
190000 401.4
195000 590.7
200000 485.9
205000 291.5
210000 101.0
215000 387.8
220000 199.0
225000 293.3
230000 198.8
235000 225.4
240000 265.1
245000 256.4
250000 191.6
255000 197.8
260000 370.4
265000 395.7
270000 102.0
275000 199.3
280000 484.7
285000 439.3
290000 197.0
295000 196.5
300000 98.0
305000 296.0
310000 291.7
315000 484.1
320000 199.1
325000 97.9
330000 192.5
335000 196.4
340000 580.7
345000 261.4
350000 408.2
355000 489.4
360000 392.2
365000 482.8
370000 488.2
375000 295.5
380000 298.3
385000 293.2
390000 576.1
395000 386.9
400000 763.7
405000 286.9
410000 289.1
415000 491.6
420000 197.3
425000 199.4
430000 553.1
435000 389.2
440000 583.6
445000 196.0
450000 458.0
455000 484.3
460000 580.8
465000 586.4
470000 578.0
475000 384.7
480000 589.7
485000 574.6
490000 662.3
495000 871.6
500000 771.7
505000 682.3
510000 657.3
515000 755.5
520000 688.4
525000 288.2
530000 389.4
535000 875.1
540000 457.3
545000 534.0
550000 485.9
555000 725.8
560000 477.9
565000 625.2
570000 445.0
575000 485.9
580000 680.3
585000 484.4
590000 877.9
595000 970.8
600000 580.5
605000 861.3
610000 485.2
615000 871.8
620000 753.8
625000 880.7
630000 649.1
635000 778.3
640000 669.5
645000 822.8
650000 848.8
655000 882.4
660000 583.5
665000 655.6
670000 870.8
675000 480.7
680000 876.7
685000 846.7
690000 675.4
695000 863.8
700000 952.0
705000 677.7
710000 961.4
715000 973.4
720000 945.0
725000 574.6
730000 940.9
735000 683.3
740000 580.1
745000 917.9
750000 672.8
755000 871.7
760000 573.3
765000 857.3
770000 779.2
775000 876.3
780000 672.2
785000 682.4
790000 771.7
795000 866.3
800000 890.0
805000 779.7
810000 668.7
815000 772.5
820000 879.8
825000 946.9
830000 859.8
835000 946.2
840000 869.9
845000 968.5
850000 979.5
855000 764.1
860000 864.9
865000 872.1
870000 976.4
875000 678.6
880000 872.7
885000 767.3
890000 974.0
895000 875.8
900000 872.9
905000 970.6
910000 958.8
915000 873.7
920000 871.5
925000 844.0
930000 883.0
935000 868.5
940000 567.0
945000 882.7
950000 969.7
955000 971.5
960000 776.4
965000 964.5
970000 879.3
975000 683.8
980000 769.7
985000 973.1
990000 977.8
995000 779.5
1000000 863.5
1005000 880.5
1010000 407.1
1015000 290.7
1020000 779.5
1025000 609.2
1030000 673.8
1035000 542.6
1040000 576.5
1045000 440.3
1050000 292.7
1055000 643.7
1060000 580.8
1065000 955.6
1070000 680.6
1075000 934.3
1080000 676.0
1085000 743.2
1090000 663.3
1095000 876.1
1100000 960.0
1105000 604.2
1110000 956.0
1115000 775.8
1120000 727.0
1125000 736.6
1130000 968.1
1135000 851.3
1140000 711.8
1145000 757.6
1150000 868.4
1155000 970.2
1160000 764.9
1165000 574.3
1170000 865.5
1175000 856.2
1180000 768.0
1185000 873.8
1190000 966.3
1195000 859.5
1200000 778.3
1205000 788.2
1210000 968.6
1215000 867.8
1220000 959.1
1225000 881.5
1230000 879.6
1235000 873.3
1240000 882.6
1245000 879.6
1250000 782.1
1255000 883.8
1260000 851.2
1265000 878.4
1270000 681.9
1275000 866.2
1280000 760.2
1285000 880.8
1290000 963.9
1295000 768.3
1300000 785.8
1305000 951.6
1310000 874.3
1315000 868.6
1320000 666.6
1325000 576.5
1330000 867.7
1335000 969.7
1340000 965.1
1345000 763.8
1350000 770.3
1355000 755.5
1360000 871.2
1365000 979.6
1370000 772.0
1375000 877.8
1380000 838.4
1385000 875.0
1390000 958.5
1395000 972.7
1400000 860.1
1405000 775.9
1410000 977.5
1415000 873.1
1420000 963.6
1425000 960.3
1430000 972.3
1435000 774.8
1440000 880.9
1445000 877.2
1450000 876.7
1455000 774.4
1460000 977.4
1465000 864.9
1470000 860.7
1475000 957.5
1480000 966.7
1485000 972.4
1490000 975.2
1495000 970.6
1500000 969.9
1505000 811.9
1510000 866.6
1515000 941.3
1520000 956.4
1525000 681.0
1530000 981.9
1535000 973.9
1540000 965.8
1545000 878.7
1550000 958.3
1555000 973.3
1560000 973.7
1565000 971.3
1570000 969.4
1575000 966.1
1580000 877.7
1585000 921.5
1590000 875.2
1595000 972.5
1600000 865.6
1605000 969.0
1610000 976.7
1615000 863.3
1620000 972.7
1625000 869.7
1630000 968.5
1635000 961.7
1640000 685.7
1645000 879.6
1650000 966.0
1655000 971.7
1660000 963.8
1665000 974.5
1670000 953.6
1675000 850.4
1680000 975.5
1685000 954.8
1690000 973.8
1695000 972.1
1700000 958.0
1705000 975.1
1710000 971.6
1715000 953.0
1720000 970.5
1725000 968.1
1730000 980.1
1735000 982.0
1740000 875.0
1745000 957.6
1750000 875.5
1755000 883.2
1760000 970.9
1765000 977.3
1770000 972.5
1775000 972.9
1780000 979.6
1785000 968.5
1790000 861.6
1795000 978.3
1800000 868.6
1805000 976.1
1810000 970.1
1815000 971.0
1820000 961.6
1825000 970.1
1830000 979.2
1835000 877.3
1840000 873.2
1845000 970.5
1850000 978.6
1855000 876.2
1860000 976.3
1865000 972.4
1870000 970.0
1875000 884.4
1880000 966.5
1885000 965.6
1890000 970.0
1895000 976.1
1900000 976.0
1905000 863.4
1910000 972.6
1915000 776.8
1920000 975.7
1925000 976.2
1930000 874.5
1935000 971.1
1940000 972.0
1945000 977.7
1950000 980.4
1955000 876.9
1960000 973.9
1965000 971.2
1970000 970.1
1975000 966.8
1980000 972.9
1985000 911.5
1990000 974.8
1995000 978.1
2000000 974.4
