5000 0.0
10000 0.0
15000 101.1
20000 0.0
25000 102.2
30000 65.5
35000 0.0
40000 307.8
45000 0.0
50000 99.2
55000 145.7
60000 10.6
65000 267.2
70000 115.1
75000 99.7
80000 100.0
85000 0.0
90000 288.8
95000 216.3
100000 131.7
105000 278.4
110000 5.3
115000 208.7
120000 388.4
125000 6.8
130000 99.1
135000 24.7
140000 275.0
145000 251.6
150000 77.8
155000 248.7
160000 319.6
165000 216.8
170000 184.8
175000 93.6
180000 355.8
185000 296.3
190000 248.8
195000 83.8
200000 133.6
205000 100.0
210000 279.3
215000 202.0
220000 158.0
225000 17.9
230000 164.0
235000 0.3
240000 176.5
245000 189.0
250000 291.4
255000 0.0
260000 186.7
265000 207.8
270000 216.9
275000 82.8
280000 387.9
285000 215.5
290000 299.7
295000 374.7
300000 486.6
305000 286.8
310000 276.0
315000 193.7
320000 491.7
325000 500.2
330000 569.0
335000 483.3
340000 617.3
345000 488.0
350000 476.2
355000 488.9
360000 667.5
365000 390.8
370000 466.1
375000 659.5
380000 677.1
385000 893.3
390000 562.7
395000 289.2
400000 472.3
405000 681.0
410000 688.5
415000 477.9
420000 867.0
425000 781.4
430000 870.2
435000 673.5
440000 482.9
445000 474.5
450000 674.2
455000 827.5
460000 577.5
465000 767.3
470000 663.7
475000 575.7
480000 777.7
485000 391.6
490000 655.4
495000 877.5
500000 682.6
505000 962.4
510000 966.0
515000 783.7
520000 770.0
525000 567.3
530000 680.6
535000 678.9
540000 881.8
545000 773.8
550000 772.0
555000 878.5
560000 954.5
565000 809.6
570000 870.5
575000 875.0
580000 864.6
585000 771.7
590000 870.5
595000 883.5
600000 866.9
605000 666.7
610000 963.8
615000 871.0
620000 862.0
625000 967.4
630000 971.4
635000 777.7
640000 774.8
645000 979.1
650000 488.9
655000 953.6
660000 773.4
665000 759.6
670000 859.8
675000 970.9
680000 960.8
685000 964.9
690000 772.8
695000 691.4
700000 883.2
705000 868.5
710000 861.8
715000 966.8
720000 975.6
725000 958.3
730000 961.6
735000 869.9
740000 775.7
745000 780.2
750000 872.2
755000 873.8
760000 960.3
765000 864.1
770000 955.9
775000 964.5
780000 965.5
785000 870.6
790000 969.1
795000 867.2
800000 977.1
805000 972.7
810000 960.6
815000 870.7
820000 681.9
825000 764.3
830000 865.6
835000 871.9
840000 875.0
845000 865.4
850000 971.0
855000 935.5
860000 864.2
865000 963.8
870000 976.2
875000 955.0
880000 976.7
885000 961.6
890000 879.4
895000 873.5
900000 966.6
905000 873.9
910000 959.8
915000 871.9
920000 969.8
925000 874.0
930000 868.9
935000 782.3
940000 880.5
945000 871.5
950000 873.2
955000 870.6
960000 975.3
965000 864.5
970000 868.6
975000 973.8
980000 969.5
985000 968.5
990000 972.2
995000 879.8
1000000 971.8
1005000 677.4
1010000 437.1
1015000 702.5
1020000 437.1
1025000 431.1
1030000 547.9
1035000 393.4
1040000 633.4
1045000 778.5
1050000 687.6
1055000 683.9
1060000 775.4
1065000 863.6
1070000 768.5
1075000 766.2
1080000 779.5
1085000 675.8
1090000 522.7
1095000 683.0
1100000 760.8
1105000 936.1
1110000 680.7
1115000 683.6
1120000 785.4
1125000 922.2
1130000 860.9
1135000 776.7
1140000 558.7
1145000 869.8
1150000 865.1
1155000 880.6
1160000 860.4
1165000 665.9
1170000 688.5
1175000 593.2
1180000 767.2
1185000 873.4
1190000 974.3
1195000 876.4
1200000 679.8
1205000 688.9
1210000 760.9
1215000 935.7
1220000 762.2
1225000 952.9
1230000 860.5
1235000 971.2
1240000 874.6
1245000 973.2
1250000 772.2
1255000 874.6
1260000 865.2
1265000 863.1
1270000 953.2
1275000 961.0
1280000 875.0
1285000 961.9
1290000 739.5
1295000 870.6
1300000 876.2
1305000 959.4
1310000 677.3
1315000 773.7
1320000 827.6
1325000 874.6
1330000 856.7
1335000 870.2
1340000 952.2
1345000 740.4
1350000 872.8
1355000 958.7
1360000 772.7
1365000 770.5
1370000 956.8
1375000 971.7
1380000 566.6
1385000 870.5
1390000 867.3
1395000 965.6
1400000 949.1
1405000 773.9
1410000 867.7
1415000 846.4
1420000 954.2
1425000 971.7
1430000 877.7
1435000 957.0
1440000 872.5
1445000 873.1
1450000 877.6
1455000 865.2
1460000 860.9
1465000 589.1
1470000 778.2
1475000 964.4
1480000 867.5
1485000 877.4
1490000 959.7
1495000 858.2
1500000 954.8
1505000 684.6
1510000 956.2
1515000 976.8
1520000 966.2
1525000 960.8
1530000 956.3
1535000 948.7
1540000 971.2
1545000 880.4
1550000 964.3
1555000 859.8
1560000 863.4
1565000 871.9
1570000 958.6
1575000 783.0
1580000 979.5
1585000 873.3
1590000 874.1
1595000 778.3
1600000 871.4
1605000 968.6
1610000 966.1
1615000 962.7
1620000 878.9
1625000 873.2
1630000 965.7
1635000 872.9
1640000 872.0
1645000 972.2
1650000 978.6
1655000 964.4
1660000 741.6
1665000 874.5
1670000 980.4
1675000 965.9
1680000 961.7
1685000 969.6
1690000 865.0
1695000 875.3
1700000 875.2
1705000 987.1
1710000 874.0
1715000 979.6
1720000 871.6
1725000 864.6
1730000 966.7
1735000 976.4
1740000 979.2
1745000 864.9
1750000 966.3
1755000 861.9
1760000 682.2
1765000 969.7
1770000 818.8
1775000 969.6
1780000 972.8
1785000 977.6
1790000 858.5
1795000 974.9
1800000 977.8
1805000 986.3
1810000 972.3
1815000 965.9
1820000 974.2
1825000 978.8
1830000 984.7
1835000 973.7
1840000 977.9
1845000 966.0
1850000 870.1
1855000 968.1
1860000 980.0
1865000 869.1
1870000 966.0
1875000 873.0
1880000 969.5
1885000 976.6
1890000 972.5
1895000 977.4
1900000 970.7
1905000 967.0
1910000 972.9
1915000 976.2
1920000 978.3
1925000 972.7
1930000 875.9
1935000 963.5
1940000 973.1
1945000 965.4
1950000 969.9
1955000 962.7
1960000 962.8
1965000 966.4
1970000 979.7
1975000 976.6
1980000 872.7
1985000 968.2
1990000 972.3
1995000 967.6
2000000 964.8
