5000 73.4
10000 40.0
15000 6.5
20000 274.6
25000 22.9
30000 100.0
35000 107.1
40000 220.1
45000 2.7
50000 115.2
55000 186.6
60000 107.3
65000 202.1
70000 95.4
75000 174.3
80000 0.0
85000 100.0
90000 0.0
95000 103.7
100000 201.1
105000 97.8
110000 208.9
115000 203.3
120000 176.0
125000 202.3
130000 100.7
135000 492.6
140000 492.0
145000 392.0
150000 387.2
155000 393.5
160000 192.7
165000 395.6
170000 190.5
175000 583.0
180000 188.6
185000 402.5
190000 398.1
195000 191.7
200000 462.6
205000 512.6
210000 192.8
215000 506.7
220000 194.9
225000 293.6
230000 390.5
235000 299.4
240000 388.7
245000 481.5
250000 472.7
255000 98.7
260000 238.6
265000 383.1
270000 196.6
275000 485.8
280000 483.3
285000 195.3
290000 294.2
295000 529.1
300000 394.8
305000 452.4
310000 363.6
315000 490.2
320000 462.7
325000 293.5
330000 407.6
335000 188.6
340000 657.0
345000 493.0
350000 607.7
355000 483.3
360000 194.1
365000 395.7
370000 250.8
375000 388.7
380000 341.7
385000 482.2
390000 564.5
395000 673.2
400000 677.1
405000 681.9
410000 615.9
415000 586.1
420000 287.1
425000 668.8
430000 598.2
435000 770.6
440000 759.6
445000 772.5
450000 587.4
455000 680.0
460000 770.6
465000 765.1
470000 488.3
475000 574.3
480000 488.2
485000 849.1
490000 566.5
495000 878.8
500000 773.3
505000 773.1
510000 760.7
515000 382.0
520000 487.3
525000 487.3
530000 773.9
535000 686.7
540000 775.0
545000 670.2
550000 501.1
555000 576.6
560000 877.4
565000 687.3
570000 381.1
575000 788.1
580000 479.4
585000 575.5
590000 588.1
595000 783.5
600000 552.7
605000 751.5
610000 671.1
615000 984.0
620000 670.3
625000 670.4
630000 692.3
635000 677.9
640000 676.8
645000 863.9
650000 482.9
655000 778.1
660000 773.2
665000 576.7
670000 571.4
675000 868.6
680000 865.1
685000 577.1
690000 677.9
695000 794.2
700000 688.9
705000 489.6
710000 667.4
715000 675.7
720000 768.3
725000 577.1
730000 755.1
735000 666.7
740000 877.3
745000 851.9
750000 893.5
755000 779.9
760000 582.0
765000 850.3
770000 873.0
775000 779.8
780000 722.2
785000 668.4
790000 672.5
795000 973.3
800000 681.2
805000 781.6
810000 775.0
815000 874.7
820000 760.9
825000 970.3
830000 662.2
835000 771.0
840000 677.3
845000 864.8
850000 766.3
855000 859.0
860000 870.3
865000 866.7
870000 582.3
875000 675.8
880000 462.5
885000 772.5
890000 779.1
895000 821.2
900000 772.0
905000 853.5
910000 973.7
915000 740.6
920000 680.5
925000 779.9
930000 757.7
935000 959.6
940000 735.0
945000 973.1
950000 776.7
955000 865.0
960000 973.4
965000 878.7
970000 976.1
975000 873.3
980000 966.5
985000 958.3
990000 825.9
995000 848.1
1000000 928.0
1005000 876.8
1010000 773.6
1015000 916.6
1020000 548.1
1025000 656.2
1030000 566.0
1035000 629.2
1040000 574.7
1045000 512.3
1050000 576.6
1055000 418.7
1060000 565.9
1065000 383.9
1070000 548.3
1075000 563.0
1080000 579.0
1085000 575.0
1090000 840.3
1095000 436.4
1100000 476.6
1105000 730.5
1110000 843.1
1115000 963.8
1120000 484.3
1125000 296.1
1130000 644.0
1135000 631.3
1140000 857.9
1145000 770.5
1150000 772.1
1155000 855.4
1160000 758.6
1165000 949.3
1170000 645.2
1175000 388.6
1180000 579.1
1185000 773.6
1190000 472.3
1195000 765.7
1200000 487.5
1205000 758.6
1210000 866.0
1215000 673.2
1220000 855.2
1225000 764.5
1230000 575.8
1235000 937.4
1240000 858.7
1245000 778.7
1250000 960.6
1255000 778.2
1260000 853.4
1265000 823.1
1270000 848.9
1275000 775.1
1280000 865.6
1285000 680.5
1290000 886.3
1295000 874.6
1300000 773.2
1305000 795.4
1310000 668.1
1315000 962.3
1320000 931.0
1325000 963.2
1330000 755.7
1335000 767.5
1340000 676.2
1345000 872.8
1350000 768.9
1355000 682.2
1360000 760.8
1365000 879.1
1370000 976.7
1375000 666.1
1380000 860.7
1385000 655.5
1390000 879.2
1395000 874.4
1400000 845.1
1405000 770.0
1410000 768.1
1415000 863.9
1420000 778.8
1425000 874.0
1430000 958.8
1435000 962.3
1440000 801.4
1445000 668.6
1450000 678.6
1455000 872.9
1460000 978.2
1465000 964.3
1470000 964.4
1475000 950.4
1480000 920.7
1485000 652.9
1490000 887.0
1495000 768.4
1500000 579.7
1505000 869.3
1510000 963.5
1515000 863.6
1520000 859.1
1525000 959.3
1530000 773.3
1535000 782.8
1540000 857.1
1545000 748.1
1550000 775.8
1555000 846.9
1560000 706.0
1565000 666.4
1570000 867.4
1575000 870.8
1580000 870.0
1585000 847.7
1590000 677.5
1595000 849.8
1600000 778.3
1605000 885.4
1610000 961.7
1615000 971.3
1620000 977.2
1625000 765.7
1630000 779.2
1635000 876.6
1640000 773.7
1645000 867.4
1650000 972.5
1655000 869.2
1660000 877.7
1665000 984.7
1670000 963.6
1675000 971.1
1680000 869.6
1685000 969.7
1690000 871.5
1695000 871.1
1700000 871.6
1705000 875.0
1710000 967.4
1715000 775.9
1720000 778.9
1725000 881.6
1730000 957.5
1735000 970.8
1740000 966.4
1745000 774.9
1750000 771.0
1755000 971.2
1760000 864.5
1765000 968.7
1770000 858.9
1775000 785.3
1780000 866.9
1785000 976.7
1790000 771.6
1795000 964.7
1800000 976.9
1805000 975.9
1810000 867.1
1815000 876.7
1820000 964.0
1825000 973.4
1830000 962.9
1835000 865.7
1840000 871.2
1845000 858.8
1850000 978.3
1855000 863.4
1860000 955.0
1865000 966.4
1870000 953.9
1875000 966.6
1880000 874.4
1885000 945.7
1890000 768.4
1895000 866.9
1900000 766.9
1905000 971.1
1910000 973.5
1915000 965.1
1920000 877.3
1925000 962.0
1930000 857.7
1935000 870.8
1940000 951.1
1945000 974.8
1950000 962.8
1955000 952.9
1960000 872.6
1965000 873.2
1970000 973.2
1975000 775.1
1980000 956.7
1985000 868.8
1990000 967.8
1995000 979.8
2000000 963.6
