5000 0.0
10000 0.0
15000 98.0
20000 102.0
25000 468.2
30000 59.6
35000 158.1
40000 184.3
45000 341.4
50000 86.3
55000 93.1
60000 82.2
65000 102.0
70000 101.7
75000 5.9
80000 95.6
85000 97.7
90000 265.2
95000 100.0
100000 285.9
105000 231.1
110000 196.3
115000 86.5
120000 95.6
125000 195.2
130000 195.9
135000 0.0
140000 432.0
145000 231.2
150000 280.1
155000 195.1
160000 245.7
165000 287.6
170000 314.0
175000 295.3
180000 264.5
185000 505.6
190000 379.1
195000 100.0
200000 102.9
205000 98.1
210000 194.7
215000 195.9
220000 365.3
225000 359.9
230000 99.5
235000 1.0
240000 316.2
245000 288.0
250000 97.7
255000 357.0
260000 272.9
265000 343.9
270000 608.6
275000 278.6
280000 185.0
285000 491.1
290000 292.2
295000 279.1
300000 194.6
305000 394.0
310000 298.5
315000 291.9
320000 589.1
325000 555.3
330000 534.1
335000 520.3
340000 279.9
345000 294.9
350000 384.6
355000 565.0
360000 593.3
365000 481.0
370000 487.0
375000 587.6
380000 393.4
385000 784.1
390000 385.5
395000 587.0
400000 0.0
405000 580.2
410000 647.1
415000 395.4
420000 581.9
425000 585.6
430000 760.0
435000 489.0
440000 774.3
445000 778.9
450000 549.6
455000 488.5
460000 687.5
465000 582.8
470000 557.9
475000 459.8
480000 865.9
485000 471.0
490000 471.3
495000 862.4
500000 789.9
505000 483.2
510000 671.0
515000 767.5
520000 484.6
525000 683.0
530000 786.9
535000 566.8
540000 785.4
545000 655.2
550000 768.2
555000 865.4
560000 728.0
565000 688.6
570000 681.9
575000 768.5
580000 859.7
585000 974.2
590000 675.2
595000 775.8
600000 675.3
605000 777.5
610000 665.8
615000 767.2
620000 673.2
625000 768.0
630000 678.6
635000 781.9
640000 675.5
645000 767.9
650000 974.0
655000 879.5
660000 877.7
665000 972.2
670000 958.7
675000 825.8
680000 778.3
685000 769.5
690000 866.8
695000 682.4
700000 877.2
705000 583.5
710000 775.0
715000 584.2
720000 776.9
725000 773.6
730000 778.5
735000 858.3
740000 882.7
745000 883.1
750000 869.5
755000 962.5
760000 881.6
765000 774.9
770000 778.7
775000 967.0
780000 662.6
785000 681.0
790000 961.7
795000 756.1
800000 589.9
805000 877.3
810000 881.6
815000 874.4
820000 963.5
825000 864.5
830000 974.7
835000 871.3
840000 585.5
845000 770.2
850000 576.3
855000 754.7
860000 862.9
865000 680.3
870000 858.9
875000 877.4
880000 873.8
885000 958.4
890000 872.9
895000 772.1
900000 582.2
905000 967.3
910000 970.7
915000 956.3
920000 873.8
925000 771.7
930000 968.7
935000 884.7
940000 956.5
945000 977.5
950000 875.0
955000 875.5
960000 958.7
965000 782.6
970000 774.3
975000 874.9
980000 770.4
985000 955.4
990000 975.0
995000 969.1
1000000 871.1
1005000 480.1
1010000 368.1
1015000 850.2
1020000 704.1
1025000 564.7
1030000 759.5
1035000 431.3
1040000 692.1
1045000 648.0
1050000 534.9
1055000 661.5
1060000 743.7
1065000 482.2
1070000 671.2
1075000 733.8
1080000 290.2
1085000 735.5
1090000 667.8
1095000 573.7
1100000 473.3
1105000 689.7
1110000 602.1
1115000 562.6
1120000 534.2
1125000 769.5
1130000 770.7
1135000 554.3
1140000 670.0
1145000 771.8
1150000 761.6
1155000 652.7
1160000 682.2
1165000 865.8
1170000 667.1
1175000 673.6
1180000 668.8
1185000 664.6
1190000 767.6
1195000 771.3
1200000 580.5
1205000 681.8
1210000 573.3
1215000 868.1
1220000 972.1
1225000 586.8
1230000 783.8
1235000 680.9
1240000 758.6
1245000 743.0
1250000 859.2
1255000 788.3
1260000 868.3
1265000 881.1
1270000 837.8
1275000 780.6
1280000 759.5
1285000 670.3
1290000 779.5
1295000 854.5
1300000 758.7
1305000 869.9
1310000 944.4
1315000 961.6
1320000 864.9
1325000 969.6
1330000 856.8
1335000 868.1
1340000 879.2
1345000 767.6
1350000 876.4
1355000 971.7
1360000 766.5
1365000 871.2
1370000 866.5
1375000 875.9
1380000 971.6
1385000 861.1
1390000 565.7
1395000 777.9
1400000 966.5
1405000 784.8
1410000 781.1
1415000 972.6
1420000 968.2
1425000 868.6
1430000 949.0
1435000 946.4
1440000 785.7
1445000 978.9
1450000 848.1
1455000 775.5
1460000 776.8
1465000 970.8
1470000 867.7
1475000 973.3
1480000 969.4
1485000 862.6
1490000 915.6
1495000 679.4
1500000 973.8
1505000 863.4
1510000 872.1
1515000 964.7
1520000 884.5
1525000 871.5
1530000 780.6
1535000 967.6
1540000 968.1
1545000 971.1
1550000 678.5
1555000 971.6
1560000 870.3
1565000 917.3
1570000 972.8
1575000 968.7
1580000 963.7
1585000 769.8
1590000 962.2
1595000 966.8
1600000 978.2
1605000 975.1
1610000 974.7
1615000 956.3
1620000 876.9
1625000 774.5
1630000 778.1
1635000 969.8
1640000 866.3
1645000 975.7
1650000 979.7
1655000 770.1
1660000 965.7
1665000 971.0
1670000 875.2
1675000 874.0
1680000 973.2
1685000 973.8
1690000 955.2
1695000 971.2
1700000 883.7
1705000 968.6
1710000 863.0
1715000 972.7
1720000 975.0
1725000 973.2
1730000 869.3
1735000 874.3
1740000 872.6
1745000 857.9
1750000 880.7
1755000 965.8
1760000 976.7
1765000 879.1
1770000 971.8
1775000 973.3
1780000 967.3
1785000 871.7
1790000 971.9
1795000 974.7
1800000 872.8
1805000 968.8
1810000 877.8
1815000 972.8
1820000 980.8
1825000 784.9
1830000 958.9
1835000 977.8
1840000 970.8
1845000 771.2
1850000 976.6
1855000 882.0
1860000 873.8
1865000 783.8
1870000 776.9
1875000 973.3
1880000 972.0
1885000 971.0
1890000 969.3
1895000 971.3
1900000 976.7
1905000 974.4
1910000 880.2
1915000 972.3
1920000 867.4
1925000 979.6
1930000 872.4
1935000 971.3
1940000 962.2
1945000 882.0
1950000 872.6
1955000 990.5
1960000 681.9
1965000 876.6
1970000 876.3
1975000 974.9
1980000 974.6
1985000 868.6
1990000 979.0
1995000 971.9
2000000 974.6
