5000 0.5
10000 0.0
15000 0.2
20000 0.0
25000 111.2
30000 100.5
35000 39.3
40000 183.1
45000 114.1
50000 163.1
55000 40.7
60000 101.1
65000 0.0
70000 100.7
75000 199.9
80000 106.3
85000 77.3
90000 19.3
95000 4.2
100000 0.8
105000 192.6
110000 30.6
115000 0.8
120000 156.8
125000 14.1
130000 22.0
135000 6.6
140000 100.0
145000 295.9
150000 205.8
155000 7.0
160000 1.4
165000 7.6
170000 105.6
175000 0.0
180000 1.9
185000 202.3
190000 192.1
195000 0.0
200000 285.1
205000 198.2
210000 97.0
215000 361.3
220000 389.0
225000 196.5
230000 206.1
235000 184.7
240000 293.9
245000 187.1
250000 0.0
255000 190.3
260000 40.7
265000 178.5
270000 270.9
275000 366.7
280000 114.2
285000 160.6
290000 371.5
295000 97.3
300000 294.5
305000 191.5
310000 391.6
315000 194.6
320000 567.0
325000 200.0
330000 186.8
335000 377.7
340000 287.2
345000 347.6
350000 345.5
355000 248.7
360000 190.0
365000 200.5
370000 382.4
375000 483.1
380000 474.0
385000 284.0
390000 277.2
395000 287.3
400000 109.6
405000 581.2
410000 488.0
415000 667.0
420000 439.0
425000 485.1
430000 386.6
435000 676.4
440000 874.4
445000 492.2
450000 591.8
455000 575.6
460000 394.7
465000 292.8
470000 488.4
475000 590.7
480000 549.4
485000 397.5
490000 581.8
495000 586.0
500000 575.6
505000 195.2
510000 379.7
515000 770.7
520000 470.1
525000 484.7
530000 668.4
535000 384.5
540000 588.1
545000 588.7
550000 578.2
555000 486.8
560000 632.7
565000 679.4
570000 485.0
575000 676.4
580000 665.9
585000 682.7
590000 580.2
595000 582.6
600000 663.4
605000 483.2
610000 589.1
615000 673.1
620000 951.6
625000 494.0
630000 481.1
635000 504.1
640000 773.6
645000 856.8
650000 675.6
655000 683.5
660000 577.3
665000 777.3
670000 968.6
675000 774.2
680000 860.8
685000 674.3
690000 757.8
695000 949.9
700000 978.5
705000 772.9
710000 756.1
715000 956.5
720000 885.2
725000 684.8
730000 947.0
735000 767.5
740000 870.1
745000 875.2
750000 860.2
755000 769.5
760000 955.7
765000 760.9
770000 869.4
775000 771.5
780000 880.1
785000 870.5
790000 779.0
795000 870.8
800000 680.9
805000 782.4
810000 757.5
815000 783.5
820000 674.1
825000 874.6
830000 784.1
835000 769.0
840000 868.2
845000 975.7
850000 771.8
855000 859.5
860000 765.3
865000 977.7
870000 925.1
875000 877.5
880000 577.9
885000 964.6
890000 948.7
895000 950.4
900000 970.5
905000 975.0
910000 769.2
915000 869.5
920000 867.3
925000 963.4
930000 866.2
935000 879.5
940000 877.6
945000 874.6
950000 741.0
955000 778.2
960000 979.1
965000 869.1
970000 956.3
975000 762.2
980000 769.4
985000 876.2
990000 759.0
995000 870.9
1000000 962.0
1005000 771.4
1010000 460.2
1015000 634.9
1020000 983.6
1025000 575.3
1030000 608.5
1035000 468.2
1040000 190.5
1045000 572.2
1050000 500.7
1055000 802.2
1060000 484.4
1065000 539.0
1070000 599.5
1075000 576.2
1080000 679.4
1085000 486.2
1090000 386.7
1095000 665.7
1100000 770.3
1105000 677.6
1110000 660.7
1115000 777.0
1120000 700.6
1125000 743.1
1130000 759.5
1135000 741.1
1140000 867.8
1145000 951.8
1150000 891.2
1155000 765.6
1160000 650.2
1165000 678.2
1170000 778.5
1175000 520.0
1180000 585.8
1185000 678.5
1190000 676.1
1195000 623.2
1200000 740.4
1205000 957.4
1210000 863.1
1215000 772.5
1220000 773.1
1225000 772.1
1230000 671.6
1235000 856.9
1240000 860.4
1245000 754.5
1250000 775.1
1255000 865.4
1260000 878.1
1265000 964.2
1270000 676.8
1275000 569.8
1280000 963.7
1285000 966.9
1290000 961.9
1295000 676.5
1300000 754.9
1305000 903.5
1310000 955.5
1315000 878.6
1320000 966.0
1325000 970.9
1330000 866.4
1335000 950.6
1340000 872.1
1345000 776.1
1350000 776.4
1355000 928.7
1360000 869.4
1365000 865.1
1370000 870.2
1375000 756.3
1380000 781.0
1385000 968.2
1390000 761.8
1395000 968.0
1400000 776.4
1405000 867.7
1410000 965.6
1415000 876.1
1420000 962.8
1425000 972.0
1430000 873.6
1435000 973.4
1440000 874.0
1445000 867.5
1450000 958.7
1455000 969.5
1460000 878.0
1465000 868.5
1470000 682.0
1475000 881.1
1480000 862.6
1485000 980.0
1490000 878.9
1495000 974.7
1500000 869.6
1505000 683.0
1510000 753.6
1515000 876.6
1520000 969.6
1525000 871.1
1530000 871.7
1535000 781.3
1540000 889.3
1545000 778.8
1550000 683.7
1555000 664.4
1560000 971.0
1565000 877.9
1570000 943.9
1575000 875.2
1580000 962.2
1585000 965.4
1590000 967.9
1595000 973.1
1600000 857.5
1605000 780.0
1610000 874.1
1615000 858.1
1620000 869.2
1625000 961.4
1630000 782.1
1635000 874.0
1640000 969.7
1645000 966.7
1650000 955.6
1655000 960.1
1660000 865.8
1665000 964.4
1670000 871.7
1675000 963.4
1680000 864.2
1685000 966.2
1690000 873.8
1695000 870.7
1700000 967.6
1705000 875.9
1710000 947.8
1715000 673.4
1720000 872.4
1725000 963.2
1730000 924.3
1735000 874.6
1740000 871.0
1745000 867.4
1750000 979.3
1755000 970.8
1760000 781.3
1765000 972.6
1770000 778.4
1775000 869.4
1780000 967.9
1785000 777.5
1790000 901.1
1795000 967.0
1800000 839.2
1805000 967.0
1810000 968.7
1815000 969.2
1820000 874.0
1825000 775.7
1830000 946.0
1835000 870.9
1840000 965.6
1845000 781.3
1850000 957.6
1855000 975.9
1860000 877.1
1865000 875.9
1870000 959.6
1875000 876.9
1880000 961.7
1885000 874.4
1890000 980.1
1895000 980.6
1900000 978.6
1905000 887.0
1910000 876.5
1915000 942.7
1920000 863.1
1925000 969.8
1930000 960.9
1935000 875.8
1940000 875.2
1945000 770.0
1950000 881.1
1955000 973.3
1960000 875.9
1965000 678.8
1970000 967.4
1975000 972.4
1980000 970.0
1985000 880.2
1990000 972.4
1995000 963.2
2000000 974.4
