5000 0.0
10000 281.8
15000 105.9
20000 33.2
25000 332.0
30000 34.1
35000 1.0
40000 100.0
45000 204.6
50000 297.5
55000 220.0
60000 127.1
65000 125.0
70000 139.8
75000 0.7
80000 361.1
85000 270.2
90000 201.0
95000 0.2
100000 0.2
105000 1.7
110000 103.9
115000 355.0
120000 292.5
125000 200.6
130000 224.8
135000 198.2
140000 276.9
145000 102.7
150000 156.4
155000 101.9
160000 292.0
165000 101.0
170000 183.8
175000 379.7
180000 444.7
185000 393.0
190000 175.0
195000 455.1
200000 426.4
205000 97.0
210000 478.2
215000 359.3
220000 184.8
225000 46.7
230000 200.0
235000 485.9
240000 247.7
245000 589.1
250000 571.8
255000 382.6
260000 403.7
265000 562.3
270000 388.0
275000 483.5
280000 293.4
285000 294.0
290000 393.5
295000 277.2
300000 195.4
305000 483.1
310000 374.5
315000 302.4
320000 383.5
325000 583.1
330000 477.7
335000 387.7
340000 301.3
345000 765.7
350000 479.7
355000 294.2
360000 690.7
365000 647.7
370000 183.0
375000 391.1
380000 455.6
385000 99.2
390000 588.0
395000 653.0
400000 872.2
405000 491.0
410000 560.2
415000 871.6
420000 689.3
425000 687.9
430000 568.6
435000 683.3
440000 581.4
445000 844.5
450000 671.8
455000 863.5
460000 833.2
465000 770.2
470000 768.7
475000 776.8
480000 572.7
485000 562.6
490000 585.9
495000 963.9
500000 867.1
505000 681.3
510000 589.8
515000 652.6
520000 881.3
525000 768.6
530000 687.0
535000 581.7
540000 589.7
545000 937.4
550000 952.2
555000 682.3
560000 773.5
565000 873.9
570000 488.6
575000 779.4
580000 965.5
585000 759.2
590000 864.8
595000 868.5
600000 871.7
605000 775.6
610000 849.5
615000 985.0
620000 763.0
625000 777.3
630000 766.8
635000 769.0
640000 850.4
645000 780.5
650000 761.1
655000 960.8
660000 875.9
665000 861.7
670000 865.8
675000 876.4
680000 766.2
685000 867.4
690000 873.6
695000 961.1
700000 954.1
705000 771.2
710000 870.8
715000 872.2
720000 674.4
725000 960.8
730000 868.7
735000 969.5
740000 956.8
745000 868.3
750000 978.1
755000 970.3
760000 829.4
765000 785.3
770000 962.7
775000 879.6
780000 882.5
785000 971.3
790000 971.6
795000 969.8
800000 777.1
805000 826.4
810000 676.6
815000 976.7
820000 969.8
825000 968.6
830000 874.3
835000 963.5
840000 872.3
845000 958.7
850000 866.0
855000 972.2
860000 774.6
865000 963.5
870000 786.7
875000 958.8
880000 878.3
885000 865.4
890000 874.1
895000 868.1
900000 679.8
905000 865.8
910000 811.0
915000 883.1
920000 979.3
925000 983.9
930000 773.1
935000 967.9
940000 967.5
945000 865.0
950000 974.5
955000 769.1
960000 860.0
965000 851.8
970000 671.8
975000 871.4
980000 871.1
985000 975.7
990000 682.0
995000 968.6
1000000 964.1
1005000 869.9
1010000 670.6
1015000 692.4
1020000 652.2
1025000 659.6
1030000 285.0
1035000 619.5
1040000 743.1
1045000 762.6
1050000 856.1
1055000 656.3
1060000 864.6
1065000 938.8
1070000 580.4
1075000 561.9
1080000 579.0
1085000 488.6
1090000 793.6
1095000 674.8
1100000 660.0
1105000 970.5
1110000 863.8
1115000 760.4
1120000 786.6
1125000 777.0
1130000 760.3
1135000 656.5
1140000 855.9
1145000 775.2
1150000 781.2
1155000 680.1
1160000 568.5
1165000 685.1
1170000 663.5
1175000 955.3
1180000 924.9
1185000 481.9
1190000 869.7
1195000 579.1
1200000 870.8
1205000 781.2
1210000 779.8
1215000 869.6
1220000 879.1
1225000 738.9
1230000 871.3
1235000 867.6
1240000 861.4
1245000 866.4
1250000 680.9
1255000 895.2
1260000 868.7
1265000 849.5
1270000 870.0
1275000 868.3
1280000 973.4
1285000 782.4
1290000 781.2
1295000 867.5
1300000 780.6
1305000 961.9
1310000 871.7
1315000 878.2
1320000 972.9
1325000 972.1
1330000 874.1
1335000 954.3
1340000 774.2
1345000 939.5
1350000 875.5
1355000 877.2
1360000 773.8
1365000 851.6
1370000 871.6
1375000 974.2
1380000 969.4
1385000 973.1
1390000 869.7
1395000 964.8
1400000 961.8
1405000 881.8
1410000 957.0
1415000 977.2
1420000 808.7
1425000 882.4
1430000 630.7
1435000 806.0
1440000 786.4
1445000 972.3
1450000 863.4
1455000 967.6
1460000 778.2
1465000 679.1
1470000 876.2
1475000 965.6
1480000 881.0
1485000 858.5
1490000 859.8
1495000 826.4
1500000 946.0
1505000 964.3
1510000 861.8
1515000 861.3
1520000 878.7
1525000 971.5
1530000 968.5
1535000 868.4
1540000 967.0
1545000 966.2
1550000 879.4
1555000 867.5
1560000 884.8
1565000 966.8
1570000 966.2
1575000 872.0
1580000 685.3
1585000 972.7
1590000 878.5
1595000 977.9
1600000 972.0
1605000 964.6
1610000 874.9
1615000 868.0
1620000 776.6
1625000 977.1
1630000 794.2
1635000 970.5
1640000 872.0
1645000 979.1
1650000 677.5
1655000 871.5
1660000 865.6
1665000 845.9
1670000 967.9
1675000 880.3
1680000 867.0
1685000 860.6
1690000 975.1
1695000 861.6
1700000 971.6
1705000 877.3
1710000 969.7
1715000 965.7
1720000 966.0
1725000 972.8
1730000 976.3
1735000 967.7
1740000 865.4
1745000 876.0
1750000 714.3
1755000 976.0
1760000 777.7
1765000 965.6
1770000 973.3
1775000 875.6
1780000 787.8
1785000 858.8
1790000 974.3
1795000 974.5
1800000 681.2
1805000 974.1
1810000 986.2
1815000 964.2
1820000 976.4
1825000 970.7
1830000 974.8
1835000 967.0
1840000 958.5
1845000 971.2
1850000 864.3
1855000 864.7
1860000 874.1
1865000 970.9
1870000 975.2
1875000 977.6
1880000 881.2
1885000 976.4
1890000 978.2
1895000 967.1
1900000 976.2
1905000 983.1
1910000 981.9
1915000 964.1
1920000 871.3
1925000 977.2
1930000 863.8
1935000 962.0
1940000 796.2
1945000 876.1
1950000 974.6
1955000 969.9
1960000 977.5
1965000 973.7
1970000 874.2
1975000 967.1
1980000 981.0
1985000 972.7
1990000 969.2
1995000 682.7
2000000 967.0
