5000 0.4
10000 0.0
15000 100.0
20000 0.0
25000 100.5
30000 172.8
35000 86.1
40000 11.6
45000 102.9
50000 0.1
55000 286.6
60000 237.6
65000 156.6
70000 0.0
75000 199.1
80000 102.4
85000 100.4
90000 137.2
95000 391.4
100000 203.9
105000 273.6
110000 104.0
115000 193.9
120000 222.2
125000 184.9
130000 187.6
135000 197.8
140000 295.1
145000 253.1
150000 391.4
155000 395.9
160000 267.7
165000 288.0
170000 317.9
175000 417.6
180000 392.6
185000 437.5
190000 394.5
195000 293.0
200000 766.0
205000 190.8
210000 185.7
215000 423.7
220000 386.0
225000 199.2
230000 391.0
235000 549.2
240000 223.5
245000 594.2
250000 290.1
255000 482.5
260000 487.0
265000 287.0
270000 181.9
275000 487.6
280000 575.2
285000 586.9
290000 396.3
295000 294.6
300000 588.1
305000 189.3
310000 294.1
315000 384.3
320000 388.6
325000 372.2
330000 393.9
335000 559.3
340000 687.4
345000 194.5
350000 479.4
355000 587.0
360000 575.5
365000 482.0
370000 288.7
375000 683.3
380000 575.2
385000 492.9
390000 491.3
395000 288.2
400000 382.2
405000 584.7
410000 298.7
415000 296.9
420000 195.2
425000 578.5
430000 680.9
435000 683.6
440000 593.4
445000 589.2
450000 478.8
455000 678.6
460000 469.9
465000 575.5
470000 668.3
475000 571.0
480000 542.1
485000 669.7
490000 687.4
495000 643.1
500000 474.6
505000 767.4
510000 681.5
515000 644.4
520000 583.3
525000 671.2
530000 559.2
535000 856.5
540000 871.4
545000 372.9
550000 787.6
555000 584.5
560000 669.0
565000 682.6
570000 676.9
575000 585.2
580000 681.0
585000 978.3
590000 670.7
595000 680.9
600000 661.7
605000 849.1
610000 563.6
615000 769.7
620000 389.3
625000 574.2
630000 872.1
635000 661.2
640000 945.1
645000 860.3
650000 871.8
655000 874.2
660000 578.8
665000 958.8
670000 859.5
675000 781.6
680000 934.5
685000 861.5
690000 451.2
695000 864.7
700000 673.0
705000 856.7
710000 865.0
715000 769.9
720000 876.3
725000 670.0
730000 686.8
735000 679.7
740000 776.4
745000 774.6
750000 760.8
755000 979.3
760000 685.8
765000 864.7
770000 577.7
775000 875.4
780000 671.5
785000 582.9
790000 961.6
795000 879.5
800000 860.4
805000 968.4
810000 876.9
815000 846.3
820000 936.6
825000 948.8
830000 857.7
835000 780.8
840000 864.6
845000 683.2
850000 770.7
855000 771.4
860000 770.3
865000 971.8
870000 867.1
875000 863.6
880000 866.2
885000 971.0
890000 964.7
895000 691.8
900000 858.8
905000 870.0
910000 685.0
915000 775.8
920000 853.2
925000 945.4
930000 777.2
935000 872.3
940000 859.0
945000 870.3
950000 869.1
955000 859.3
960000 966.8
965000 955.9
970000 880.2
975000 868.8
980000 769.6
985000 777.7
990000 959.4
995000 859.3
1000000 974.3
1005000 770.0
1010000 727.0
1015000 359.3
1020000 730.0
1025000 498.7
1030000 280.2
1035000 390.8
1040000 781.8
1045000 552.5
1050000 596.4
1055000 490.0
1060000 490.1
1065000 460.5
1070000 653.0
1075000 612.3
1080000 876.6
1085000 389.2
1090000 544.5
1095000 377.0
1100000 672.7
1105000 591.7
1110000 381.3
1115000 617.3
1120000 480.1
1125000 884.0
1130000 796.8
1135000 590.4
1140000 850.5
1145000 587.6
1150000 559.0
1155000 838.2
1160000 925.0
1165000 588.8
1170000 780.4
1175000 964.5
1180000 659.9
1185000 644.2
1190000 948.8
1195000 852.3
1200000 819.1
1205000 840.8
1210000 662.3
1215000 870.2
1220000 866.9
1225000 950.4
1230000 572.6
1235000 784.3
1240000 488.1
1245000 668.8
1250000 870.3
1255000 828.3
1260000 878.2
1265000 871.4
1270000 883.1
1275000 917.1
1280000 770.5
1285000 772.9
1290000 948.7
1295000 959.7
1300000 780.2
1305000 873.9
1310000 951.6
1315000 950.5
1320000 647.3
1325000 968.8
1330000 966.6
1335000 774.0
1340000 875.7
1345000 868.0
1350000 824.1
1355000 642.5
1360000 890.0
1365000 956.6
1370000 966.8
1375000 878.4
1380000 778.4
1385000 861.2
1390000 974.2
1395000 880.4
1400000 679.2
1405000 827.8
1410000 856.6
1415000 957.8
1420000 676.2
1425000 970.9
1430000 850.4
1435000 771.6
1440000 851.4
1445000 860.7
1450000 867.3
1455000 871.3
1460000 867.6
1465000 576.2
1470000 874.6
1475000 769.3
1480000 970.2
1485000 821.4
1490000 968.3
1495000 770.8
1500000 867.3
1505000 824.4
1510000 959.1
1515000 868.4
1520000 967.0
1525000 726.5
1530000 872.2
1535000 875.6
1540000 875.7
1545000 944.3
1550000 876.7
1555000 778.2
1560000 846.5
1565000 964.6
1570000 855.6
1575000 884.3
1580000 773.8
1585000 852.3
1590000 970.2
1595000 979.4
1600000 857.0
1605000 684.8
1610000 956.2
1615000 785.1
1620000 778.3
1625000 955.2
1630000 871.0
1635000 966.6
1640000 970.5
1645000 778.9
1650000 980.6
1655000 959.9
1660000 679.4
1665000 964.7
1670000 871.4
1675000 862.2
1680000 965.4
1685000 877.9
1690000 972.4
1695000 880.8
1700000 880.1
1705000 879.1
1710000 970.5
1715000 872.3
1720000 871.2
1725000 857.9
1730000 945.6
1735000 859.6
1740000 792.1
1745000 968.3
1750000 965.1
1755000 878.6
1760000 971.4
1765000 770.4
1770000 967.7
1775000 751.7
1780000 966.3
1785000 880.5
1790000 970.0
1795000 974.0
1800000 958.9
1805000 877.7
1810000 974.2
1815000 963.6
1820000 958.6
1825000 869.6
1830000 979.8
1835000 876.6
1840000 957.5
1845000 943.8
1850000 877.0
1855000 969.8
1860000 958.7
1865000 876.0
1870000 950.2
1875000 960.8
1880000 966.2
1885000 974.0
1890000 767.3
1895000 874.6
1900000 975.4
1905000 864.6
1910000 970.9
1915000 969.1
1920000 861.0
1925000 965.0
1930000 969.5
1935000 965.9
1940000 865.9
1945000 963.5
1950000 863.9
1955000 973.2
1960000 873.2
1965000 869.1
1970000 879.7
1975000 978.1
1980000 966.5
1985000 966.7
1990000 964.7
1995000 966.5
2000000 964.8
