5000 0.0
10000 0.0
15000 100.7
20000 100.0
25000 2.6
30000 163.3
35000 100.0
40000 100.6
45000 2.2
50000 198.9
55000 91.6
60000 136.5
65000 98.1
70000 100.0
75000 100.0
80000 10.4
85000 101.0
90000 0.0
95000 20.7
100000 98.9
105000 58.5
110000 293.3
115000 57.2
120000 2.6
125000 1.1
130000 130.0
135000 1.7
140000 136.7
145000 1.0
150000 163.6
155000 131.5
160000 113.5
165000 187.5
170000 0.0
175000 52.5
180000 281.4
185000 259.1
190000 200.0
195000 130.1
200000 0.3
205000 311.3
210000 288.9
215000 149.1
220000 200.0
225000 0.0
230000 294.0
235000 375.8
240000 311.2
245000 99.6
250000 102.1
255000 0.0
260000 244.5
265000 186.5
270000 0.0
275000 91.5
280000 101.2
285000 100.2
290000 293.2
295000 390.5
300000 193.9
305000 180.8
310000 100.0
315000 100.3
320000 189.6
325000 100.0
330000 572.7
335000 196.0
340000 239.7
345000 498.4
350000 292.8
355000 210.6
360000 197.0
365000 193.6
370000 198.6
375000 387.4
380000 108.3
385000 297.0
390000 229.2
395000 396.7
400000 492.9
405000 103.5
410000 380.4
415000 100.0
420000 97.9
425000 290.6
430000 368.0
435000 588.7
440000 96.7
445000 195.4
450000 477.9
455000 482.3
460000 393.8
465000 96.8
470000 197.2
475000 575.4
480000 196.1
485000 475.9
490000 578.3
495000 482.7
500000 295.6
505000 474.6
510000 581.7
515000 579.7
520000 93.8
525000 289.1
530000 378.0
535000 581.8
540000 389.1
545000 588.2
550000 489.9
555000 576.2
560000 680.1
565000 573.2
570000 675.9
575000 484.1
580000 588.8
585000 680.7
590000 588.9
595000 383.7
600000 663.1
605000 583.0
610000 486.8
615000 615.3
620000 488.8
625000 674.7
630000 740.0
635000 310.1
640000 347.6
645000 659.3
650000 768.3
655000 580.6
660000 576.2
665000 583.9
670000 667.6
675000 387.8
680000 681.2
685000 580.2
690000 671.8
695000 564.4
700000 765.4
705000 672.6
710000 665.7
715000 770.2
720000 683.8
725000 676.5
730000 480.1
735000 779.6
740000 764.4
745000 588.0
750000 471.4
755000 588.6
760000 577.3
765000 267.9
770000 583.1
775000 383.3
780000 677.0
785000 778.8
790000 753.0
795000 781.2
800000 753.0
805000 703.1
810000 611.0
815000 516.5
820000 486.8
825000 390.8
830000 786.8
835000 662.0
840000 682.3
845000 832.9
850000 776.5
855000 860.1
860000 584.2
865000 775.7
870000 680.3
875000 675.6
880000 367.5
885000 563.9
890000 875.6
895000 864.0
900000 668.3
905000 666.8
910000 874.9
915000 960.2
920000 970.9
925000 850.0
930000 747.0
935000 880.1
940000 817.5
945000 854.5
950000 614.0
955000 575.9
960000 956.1
965000 786.9
970000 976.0
975000 963.5
980000 874.0
985000 787.0
990000 777.7
995000 859.1
1000000 876.0
1005000 552.8
1010000 645.8
1015000 795.4
1020000 654.7
1025000 485.7
1030000 435.4
1035000 350.1
1040000 377.7
1045000 346.5
1050000 568.4
1055000 572.2
1060000 775.0
1065000 394.0
1070000 759.1
1075000 672.2
1080000 557.3
1085000 943.0
1090000 783.7
1095000 578.4
1100000 571.8
1105000 824.7
1110000 776.1
1115000 671.7
1120000 770.4
1125000 376.7
1130000 872.4
1135000 776.4
1140000 849.7
1145000 778.2
1150000 938.0
1155000 873.3
1160000 685.4
1165000 979.4
1170000 388.5
1175000 773.7
1180000 635.3
1185000 763.1
1190000 868.0
1195000 730.8
1200000 686.5
1205000 869.2
1210000 776.1
1215000 665.2
1220000 581.7
1225000 784.0
1230000 667.1
1235000 942.3
1240000 848.6
1245000 864.2
1250000 852.7
1255000 779.8
1260000 877.8
1265000 877.7
1270000 770.4
1275000 868.2
1280000 876.0
1285000 865.3
1290000 670.0
1295000 869.6
1300000 777.0
1305000 871.3
1310000 965.2
1315000 944.1
1320000 973.4
1325000 959.5
1330000 673.3
1335000 942.1
1340000 966.6
1345000 782.2
1350000 877.9
1355000 974.8
1360000 976.3
1365000 971.2
1370000 972.8
1375000 872.8
1380000 970.6
1385000 966.5
1390000 957.9
1395000 970.6
1400000 974.2
1405000 958.6
1410000 766.6
1415000 774.8
1420000 780.6
1425000 975.0
1430000 960.4
1435000 877.2
1440000 868.4
1445000 871.1
1450000 967.0
1455000 974.2
1460000 972.5
1465000 933.0
1470000 971.4
1475000 977.1
1480000 966.4
1485000 878.3
1490000 958.6
1495000 876.1
1500000 784.2
1505000 885.2
1510000 876.4
1515000 877.4
1520000 879.3
1525000 976.1
1530000 966.0
1535000 878.0
1540000 970.6
1545000 966.3
1550000 866.9
1555000 881.9
1560000 968.5
1565000 919.7
1570000 970.7
1575000 973.9
1580000 948.6
1585000 772.5
1590000 879.1
1595000 880.5
1600000 972.2
1605000 878.3
1610000 881.8
1615000 965.6
1620000 865.2
1625000 867.8
1630000 971.6
1635000 981.8
1640000 981.4
1645000 962.9
1650000 979.8
1655000 968.6
1660000 972.3
1665000 971.1
1670000 965.4
1675000 878.0
1680000 978.9
1685000 981.6
1690000 968.8
1695000 682.5
1700000 968.7
1705000 866.5
1710000 960.4
1715000 972.2
1720000 967.9
1725000 885.9
1730000 981.7
1735000 972.3
1740000 967.5
1745000 967.3
1750000 972.5
1755000 821.3
1760000 977.8
1765000 869.2
1770000 973.7
1775000 883.4
1780000 878.4
1785000 972.8
1790000 870.4
1795000 773.9
1800000 875.7
1805000 869.1
1810000 969.9
1815000 870.3
1820000 777.7
1825000 861.6
1830000 878.7
1835000 981.7
1840000 971.7
1845000 876.2
1850000 974.8
1855000 975.3
1860000 975.9
1865000 970.7
1870000 978.6
1875000 971.8
1880000 877.6
1885000 972.1
1890000 967.2
1895000 972.7
1900000 970.4
1905000 967.0
1910000 975.3
1915000 871.8
1920000 971.0
1925000 973.6
1930000 979.0
1935000 882.0
1940000 964.1
1945000 969.6
1950000 877.0
1955000 879.2
1960000 971.4
1965000 977.5
1970000 972.8
1975000 961.3
1980000 878.7
1985000 966.3
1990000 970.6
1995000 980.9
2000000 971.2
