5000 1.1
10000 1.2
15000 1.4
20000 1.2
25000 1.2
30000 1.1
35000 1.5
40000 1.0
45000 1.1
50000 1.0
55000 0.9
60000 1.3
65000 1.3
70000 1.2
75000 1.5
80000 1.2
85000 1.4
90000 1.5
95000 1.4
100000 1.5
105000 1.1
110000 1.9
115000 1.9
120000 1.8
125000 1.6
130000 2.0
135000 2.1
140000 2.0
145000 1.6
150000 1.7
155000 1.9
160000 1.6
165000 1.9
170000 1.6
175000 1.3
180000 1.3
185000 2.5
190000 1.8
195000 1.7
200000 2.2
205000 1.8
210000 2.2
215000 1.8
220000 2.1
225000 2.0
230000 2.1
235000 1.9
240000 1.4
245000 1.8
250000 1.9
255000 2.3
260000 2.3
265000 2.3
270000 1.9
275000 2.2
280000 1.6
285000 1.6
290000 1.8
295000 1.9
300000 2.4
305000 2.0
310000 1.9
315000 2.1
320000 1.9
325000 1.5
330000 2.2
335000 2.0
340000 1.8
345000 2.3
350000 2.6
355000 2.1
360000 3.8
365000 2.3
370000 2.3
375000 1.8
380000 2.7
385000 2.3
390000 2.4
395000 1.4
400000 1.8
405000 2.8
410000 3.4
415000 2.3
420000 3.0
425000 11.4
430000 2.5
435000 9.4
440000 44.1
445000 72.2
450000 67.1
455000 62.6
460000 75.7
465000 74.7
470000 121.2
475000 115.4
480000 125.7
485000 111.2
490000 158.6
495000 156.6
500000 163.3
505000 144.2
510000 191.9
515000 220.4
520000 199.7
525000 205.1
530000 211.0
535000 197.5
540000 256.0
545000 207.8
550000 251.1
555000 265.0
560000 249.2
565000 275.1
570000 267.2
575000 276.4
580000 303.7
585000 290.6
590000 324.6
595000 313.8
600000 319.6
605000 312.2
610000 328.5
615000 317.2
620000 335.6
625000 324.9
630000 322.0
635000 342.9
640000 318.8
645000 326.5
650000 356.9
655000 347.5
660000 351.1
665000 360.5
670000 357.0
675000 352.8
680000 344.1
685000 353.7
690000 365.2
695000 366.7
700000 350.9
705000 391.1
710000 365.7
715000 369.1
720000 367.7
725000 389.2
730000 384.7
735000 402.8
740000 393.8
745000 411.1
750000 395.0
755000 403.0
760000 392.5
765000 416.0
770000 413.6
775000 414.8
780000 388.5
785000 401.0
790000 409.6
795000 424.0
800000 424.8
805000 423.9
810000 421.5
815000 417.3
820000 434.4
825000 430.1
830000 421.8
835000 425.0
840000 444.9
845000 427.6
850000 433.4
855000 417.9
860000 462.7
865000 451.7
870000 448.9
875000 436.7
880000 472.7
885000 468.2
890000 446.9
895000 454.4
900000 446.4
905000 460.8
910000 430.7
915000 450.7
920000 449.1
925000 466.5
930000 459.0
935000 473.3
940000 460.9
945000 478.9
950000 465.2
955000 478.5
960000 476.1
965000 472.9
970000 474.6
975000 437.1
980000 476.7
985000 481.4
990000 476.2
995000 480.6
1000000 474.9
1005000 387.3
1010000 386.0
1015000 401.9
1020000 386.4
1025000 401.5
1030000 386.4
1035000 396.5
1040000 422.9
1045000 420.1
1050000 423.6
1055000 426.0
1060000 435.9
1065000 428.7
1070000 438.5
1075000 440.3
1080000 422.9
1085000 412.2
1090000 434.9
1095000 454.4
1100000 443.2
1105000 453.8
1110000 436.5
1115000 441.8
1120000 445.3
1125000 434.9
1130000 433.5
1135000 459.3
1140000 454.7
1145000 465.2
1150000 455.9
1155000 464.5
1160000 479.6
1165000 481.2
1170000 481.0
1175000 468.7
1180000 476.2
1185000 482.8
1190000 492.5
1195000 477.5
1200000 486.5
1205000 485.0
1210000 494.8
1215000 486.7
1220000 471.3
1225000 495.2
1230000 494.4
1235000 505.0
1240000 510.7
1245000 509.7
1250000 520.9
1255000 511.5
1260000 498.8
1265000 516.7
1270000 514.8
1275000 515.4
1280000 502.7
1285000 517.2
1290000 527.1
1295000 518.8
1300000 525.6
1305000 476.4
1310000 530.9
1315000 426.8
1320000 444.2
1325000 450.0
1330000 389.7
1335000 538.1
1340000 530.7
1345000 538.6
1350000 521.7
1355000 545.7
1360000 549.6
1365000 559.0
1370000 561.6
1375000 541.5
1380000 547.8
1385000 555.9
1390000 561.5
1395000 554.2
1400000 571.8
1405000 550.8
1410000 555.0
1415000 560.2
1420000 568.1
1425000 574.9
1430000 560.6
1435000 575.8
1440000 571.3
1445000 592.3
1450000 579.5
1455000 588.2
1460000 578.1
1465000 594.2
1470000 588.1
1475000 541.6
1480000 581.5
1485000 584.8
1490000 589.9
1495000 600.9
1500000 592.5
1505000 606.2
1510000 591.9
1515000 592.5
1520000 596.7
1525000 600.8
1530000 593.8
1535000 639.5
1540000 598.3
1545000 625.1
1550000 617.1
1555000 601.9
1560000 631.0
1565000 614.8
1570000 626.8
1575000 612.8
1580000 623.9
1585000 605.8
1590000 623.3
1595000 638.4
1600000 613.9
1605000 655.2
1610000 631.9
1615000 652.1
1620000 629.9
1625000 662.4
1630000 648.8
1635000 647.8
1640000 655.9
1645000 646.4
1650000 665.3
1655000 678.7
1660000 651.3
1665000 668.5
1670000 677.9
1675000 652.9
1680000 664.1
1685000 647.8
1690000 663.3
1695000 647.9
1700000 682.3
1705000 695.2
1710000 680.3
1715000 635.6
1720000 705.7
1725000 692.7
1730000 712.0
1735000 694.4
1740000 668.0
1745000 663.5
1750000 697.7
1755000 688.0
1760000 708.8
1765000 703.1
1770000 712.9
1775000 699.1
1780000 693.9
1785000 706.8
1790000 726.1
1795000 703.3
1800000 715.2
1805000 719.2
1810000 707.0
1815000 722.0
1820000 719.3
1825000 718.0
1830000 738.1
1835000 726.7
1840000 734.8
1845000 713.6
1850000 730.7
1855000 747.0
1860000 748.0
1865000 748.3
1870000 739.5
1875000 755.9
1880000 724.2
1885000 756.7
1890000 727.5
1895000 755.3
1900000 753.8
1905000 752.5
1910000 727.2
1915000 746.3
1920000 748.4
1925000 760.5
1930000 759.7
1935000 754.3
1940000 754.0
1945000 758.2
1950000 687.8
1955000 766.6
1960000 759.4
1965000 768.3
1970000 772.1
1975000 769.1
1980000 753.0
1985000 747.0
1990000 757.5
1995000 760.2
2000000 760.9
