5000 0.8
10000 0.9
15000 0.8
20000 1.1
25000 1.1
30000 0.6
35000 1.7
40000 1.2
45000 0.8
50000 0.9
55000 0.8
60000 0.9
65000 1.5
70000 1.0
75000 1.6
80000 1.5
85000 1.0
90000 1.7
95000 1.4
100000 2.0
105000 1.4
110000 1.1
115000 1.2
120000 2.0
125000 1.8
130000 1.7
135000 2.1
140000 3.6
145000 1.7
150000 9.9
155000 6.4
160000 8.0
165000 5.0
170000 3.3
175000 4.1
180000 43.2
185000 44.5
190000 24.0
195000 34.2
200000 51.2
205000 83.4
210000 82.6
215000 84.1
220000 96.2
225000 82.8
230000 81.8
235000 109.7
240000 152.5
245000 186.7
250000 133.5
255000 159.2
260000 146.6
265000 171.7
270000 195.3
275000 181.4
280000 182.7
285000 214.0
290000 232.6
295000 203.1
300000 225.5
305000 117.8
310000 99.9
315000 234.0
320000 256.1
325000 269.6
330000 247.8
335000 265.8
340000 286.3
345000 287.2
350000 295.6
355000 266.7
360000 277.8
365000 296.3
370000 286.7
375000 294.7
380000 298.0
385000 319.5
390000 321.5
395000 306.2
400000 315.8
405000 311.3
410000 321.9
415000 338.8
420000 306.2
425000 345.9
430000 336.6
435000 336.7
440000 337.8
445000 348.7
450000 307.7
455000 337.6
460000 351.1
465000 357.2
470000 354.2
475000 361.3
480000 364.3
485000 366.5
490000 364.1
495000 361.2
500000 364.8
505000 354.4
510000 370.0
515000 386.1
520000 367.3
525000 381.7
530000 368.2
535000 377.1
540000 379.3
545000 399.3
550000 380.1
555000 390.3
560000 405.1
565000 378.1
570000 345.6
575000 366.9
580000 381.5
585000 383.1
590000 390.9
595000 399.0
600000 406.5
605000 387.9
610000 399.5
615000 416.0
620000 407.9
625000 397.8
630000 389.7
635000 377.3
640000 409.6
645000 417.6
650000 404.3
655000 407.3
660000 417.4
665000 420.0
670000 419.3
675000 413.2
680000 431.6
685000 399.9
690000 425.8
695000 431.5
700000 437.0
705000 428.2
710000 432.4
715000 432.4
720000 428.5
725000 435.4
730000 450.7
735000 438.3
740000 443.8
745000 385.0
750000 442.1
755000 455.9
760000 432.8
765000 439.6
770000 439.1
775000 73.8
780000 1.4
785000 1.1
790000 1.2
795000 1.2
800000 1.4
805000 12.6
810000 144.2
815000 221.2
820000 367.8
825000 393.6
830000 415.5
835000 413.5
840000 436.0
845000 437.2
850000 432.2
855000 452.6
860000 433.8
865000 453.2
870000 456.0
875000 476.4
880000 479.2
885000 468.7
890000 480.9
895000 463.1
900000 448.9
905000 465.1
910000 466.4
915000 467.6
920000 479.0
925000 487.6
930000 474.7
935000 472.6
940000 470.9
945000 477.7
950000 475.2
955000 474.7
960000 467.5
965000 476.8
970000 478.9
975000 477.6
980000 483.6
985000 461.0
990000 472.7
995000 483.8
1000000 495.9
1005000 439.1
1010000 408.9
1015000 414.0
1020000 415.3
1025000 415.3
1030000 407.3
1035000 432.6
1040000 410.9
1045000 423.8
1050000 430.3
1055000 431.8
1060000 438.3
1065000 423.4
1070000 448.9
1075000 447.6
1080000 436.6
1085000 448.1
1090000 454.2
1095000 450.7
1100000 453.4
1105000 472.7
1110000 439.5
1115000 472.7
1120000 459.3
1125000 489.1
1130000 486.3
1135000 483.0
1140000 471.8
1145000 499.6
1150000 489.5
1155000 501.7
1160000 473.2
1165000 467.9
1170000 483.7
1175000 483.8
1180000 493.0
1185000 484.9
1190000 466.8
1195000 483.6
1200000 474.1
1205000 485.7
1210000 485.8
1215000 473.3
1220000 512.0
1225000 478.2
1230000 500.6
1235000 503.1
1240000 509.8
1245000 497.9
1250000 508.5
1255000 509.6
1260000 506.9
1265000 503.1
1270000 498.3
1275000 501.6
1280000 514.2
1285000 503.1
1290000 525.5
1295000 510.9
1300000 511.7
1305000 504.6
1310000 503.3
1315000 507.8
1320000 508.3
1325000 518.0
1330000 504.5
1335000 527.6
1340000 520.5
1345000 516.9
1350000 530.5
1355000 522.4
1360000 511.5
1365000 519.2
1370000 521.6
1375000 524.8
1380000 532.3
1385000 531.0
1390000 531.2
1395000 536.5
1400000 539.2
1405000 529.8
1410000 503.9
1415000 525.4
1420000 528.2
1425000 534.1
1430000 529.9
1435000 535.9
1440000 513.2
1445000 521.8
1450000 545.4
1455000 530.8
1460000 529.9
1465000 554.2
1470000 544.1
1475000 552.0
1480000 519.0
1485000 536.5
1490000 546.0
1495000 534.5
1500000 542.1
1505000 553.2
1510000 547.0
1515000 553.7
1520000 537.0
1525000 542.2
1530000 552.9
1535000 545.1
1540000 537.7
1545000 536.2
1550000 529.4
1555000 531.2
1560000 549.3
1565000 541.6
1570000 545.5
1575000 560.0
1580000 552.6
1585000 553.1
1590000 549.1
1595000 557.8
1600000 555.7
1605000 560.2
1610000 562.5
1615000 548.2
1620000 559.1
1625000 551.8
1630000 557.0
1635000 550.8
1640000 562.4
1645000 559.4
1650000 551.5
1655000 553.0
1660000 555.1
1665000 560.3
1670000 553.6
1675000 565.9
1680000 548.5
1685000 556.1
1690000 554.5
1695000 568.0
1700000 557.6
1705000 558.1
1710000 550.4
1715000 552.8
1720000 555.3
1725000 554.2
1730000 555.2
1735000 552.3
1740000 553.3
1745000 550.6
1750000 552.4
1755000 564.8
1760000 536.0
1765000 538.7
1770000 570.5
1775000 566.5
1780000 560.2
1785000 550.0
1790000 563.3
1795000 562.2
1800000 567.1
1805000 553.1
1810000 556.9
1815000 564.5
1820000 557.2
1825000 549.8
1830000 560.9
1835000 548.9
1840000 562.5
1845000 555.9
1850000 565.3
1855000 563.0
1860000 550.2
1865000 561.5
1870000 564.1
1875000 561.5
1880000 557.4
1885000 563.2
1890000 561.8
1895000 561.1
1900000 564.4
1905000 560.1
1910000 567.0
1915000 515.7
1920000 568.7
1925000 552.0
1930000 558.8
1935000 555.8
1940000 554.8
1945000 564.1
1950000 563.8
1955000 563.8
1960000 571.7
1965000 555.8
1970000 552.6
1975000 570.3
1980000 567.3
1985000 567.3
1990000 568.6
1995000 559.6
2000000 572.8
