5000 1.6
10000 1.4
15000 1.1
20000 1.3
25000 1.1
30000 0.9
35000 1.0
40000 1.0
45000 1.2
50000 1.2
55000 1.1
60000 1.0
65000 1.5
70000 1.7
75000 1.0
80000 1.3
85000 1.1
90000 1.5
95000 1.8
100000 1.4
105000 1.1
110000 2.1
115000 2.1
120000 1.7
125000 1.9
130000 1.7
135000 1.5
140000 3.8
145000 1.5
150000 2.0
155000 3.3
160000 5.7
165000 1.7
170000 3.5
175000 2.1
180000 10.0
185000 8.3
190000 8.3
195000 9.8
200000 33.6
205000 42.4
210000 26.2
215000 80.5
220000 123.3
225000 113.0
230000 62.6
235000 198.2
240000 176.7
245000 180.5
250000 216.8
255000 209.7
260000 220.2
265000 210.1
270000 238.4
275000 229.2
280000 230.4
285000 53.5
290000 19.2
295000 32.8
300000 219.0
305000 181.4
310000 273.6
315000 287.1
320000 274.4
325000 3.0
330000 1.3
335000 224.7
340000 270.8
345000 284.1
350000 307.5
355000 299.4
360000 303.8
365000 295.6
370000 307.1
375000 301.1
380000 271.7
385000 306.9
390000 318.4
395000 332.5
400000 327.2
405000 340.3
410000 327.5
415000 345.1
420000 328.7
425000 331.5
430000 346.0
435000 333.8
440000 352.6
445000 352.9
450000 6.7
455000 24.8
460000 336.1
465000 344.1
470000 341.3
475000 363.4
480000 363.3
485000 360.1
490000 350.2
495000 358.7
500000 362.4
505000 364.2
510000 356.5
515000 354.4
520000 363.6
525000 350.5
530000 358.8
535000 369.3
540000 358.7
545000 368.9
550000 380.6
555000 365.7
560000 365.3
565000 376.6
570000 372.9
575000 394.2
580000 376.3
585000 385.6
590000 373.1
595000 378.4
600000 391.6
605000 380.7
610000 392.0
615000 381.4
620000 347.6
625000 380.9
630000 400.6
635000 406.1
640000 387.0
645000 387.5
650000 390.5
655000 386.6
660000 414.9
665000 390.4
670000 406.3
675000 398.8
680000 402.1
685000 408.1
690000 393.3
695000 396.7
700000 409.6
705000 404.8
710000 416.1
715000 413.7
720000 400.7
725000 409.4
730000 413.1
735000 396.0
740000 408.2
745000 416.9
750000 404.8
755000 418.5
760000 413.6
765000 425.5
770000 415.1
775000 415.0
780000 415.8
785000 420.3
790000 418.4
795000 422.0
800000 422.6
805000 415.1
810000 417.1
815000 439.5
820000 424.4
825000 428.1
830000 422.6
835000 414.9
840000 418.8
845000 381.2
850000 431.9
855000 425.3
860000 422.3
865000 431.2
870000 424.7
875000 427.9
880000 427.0
885000 432.3
890000 435.1
895000 424.5
900000 446.4
905000 441.0
910000 436.1
915000 436.5
920000 423.2
925000 435.2
930000 436.1
935000 442.9
940000 440.4
945000 443.1
950000 442.9
955000 435.6
960000 431.6
965000 447.1
970000 447.6
975000 449.9
980000 459.9
985000 427.6
990000 438.6
995000 448.0
1000000 444.1
1005000 363.1
1010000 350.7
1015000 343.1
1020000 347.6
1025000 343.5
1030000 343.4
1035000 320.1
1040000 340.4
1045000 349.2
1050000 355.5
1055000 371.6
1060000 346.3
1065000 359.9
1070000 361.5
1075000 362.2
1080000 369.2
1085000 332.6
1090000 387.4
1095000 394.4
1100000 378.0
1105000 386.4
1110000 368.6
1115000 377.9
1120000 369.5
1125000 392.7
1130000 396.4
1135000 390.8
1140000 395.4
1145000 394.0
1150000 413.4
1155000 381.4
1160000 400.2
1165000 410.5
1170000 407.0
1175000 396.2
1180000 392.8
1185000 404.2
1190000 411.4
1195000 399.9
1200000 410.4
1205000 416.0
1210000 410.9
1215000 398.6
1220000 394.7
1225000 415.6
1230000 411.1
1235000 422.3
1240000 417.2
1245000 402.2
1250000 424.3
1255000 430.8
1260000 409.3
1265000 425.3
1270000 429.3
1275000 431.2
1280000 430.8
1285000 424.2
1290000 439.9
1295000 425.4
1300000 429.0
1305000 436.2
1310000 453.7
1315000 437.7
1320000 442.3
1325000 448.9
1330000 441.5
1335000 437.8
1340000 449.0
1345000 450.5
1350000 450.8
1355000 445.4
1360000 451.0
1365000 439.2
1370000 460.0
1375000 448.8
1380000 457.8
1385000 463.5
1390000 439.3
1395000 462.5
1400000 462.4
1405000 454.1
1410000 449.4
1415000 412.0
1420000 462.3
1425000 451.9
1430000 461.8
1435000 417.5
1440000 445.5
1445000 448.5
1450000 457.0
1455000 454.2
1460000 446.3
1465000 473.6
1470000 461.1
1475000 462.0
1480000 449.9
1485000 443.5
1490000 472.3
1495000 464.3
1500000 475.3
1505000 461.4
1510000 476.9
1515000 462.5
1520000 463.7
1525000 468.8
1530000 472.8
1535000 481.5
1540000 478.4
1545000 465.3
1550000 470.6
1555000 473.3
1560000 479.5
1565000 467.8
1570000 479.2
1575000 472.7
1580000 475.4
1585000 459.9
1590000 467.0
1595000 481.0
1600000 471.4
1605000 467.9
1610000 472.0
1615000 477.9
1620000 468.0
1625000 472.5
1630000 481.8
1635000 414.1
1640000 473.1
1645000 474.1
1650000 476.9
1655000 462.9
1660000 475.6
1665000 487.9
1670000 481.1
1675000 494.6
1680000 489.1
1685000 480.0
1690000 481.8
1695000 487.6
1700000 487.1
1705000 482.3
1710000 481.9
1715000 491.6
1720000 495.2
1725000 482.4
1730000 481.2
1735000 481.5
1740000 496.8
1745000 489.8
1750000 497.7
1755000 484.2
1760000 487.5
1765000 490.5
1770000 488.3
1775000 488.4
1780000 484.6
1785000 491.7
1790000 499.5
1795000 491.0
1800000 503.9
1805000 485.1
1810000 476.0
1815000 498.5
1820000 500.5
1825000 487.7
1830000 483.6
1835000 484.2
1840000 491.6
1845000 487.5
1850000 488.3
1855000 507.9
1860000 499.5
1865000 493.2
1870000 482.3
1875000 494.4
1880000 487.5
1885000 499.7
1890000 502.6
1895000 502.4
1900000 509.7
1905000 507.7
1910000 500.3
1915000 495.4
1920000 506.6
1925000 496.8
1930000 499.9
1935000 508.1
1940000 501.9
1945000 487.6
1950000 494.7
1955000 493.1
1960000 499.3
1965000 485.3
1970000 502.4
1975000 492.8
1980000 517.1
1985000 511.4
1990000 502.2
1995000 483.2
2000000 492.6
