5000 1.2
10000 1.1
15000 0.9
20000 1.0
25000 0.9
30000 0.9
35000 1.0
40000 1.2
45000 1.0
50000 1.6
55000 1.6
60000 1.5
65000 1.2
70000 1.0
75000 1.2
80000 0.8
85000 1.0
90000 1.0
95000 1.4
100000 1.5
105000 1.2
110000 1.5
115000 1.9
120000 1.1
125000 1.5
130000 1.9
135000 1.9
140000 2.2
145000 1.3
150000 1.4
155000 1.7
160000 2.3
165000 1.7
170000 1.2
175000 1.6
180000 2.0
185000 1.4
190000 2.1
195000 1.8
200000 2.5
205000 2.0
210000 2.1
215000 3.0
220000 1.9
225000 2.2
230000 2.1
235000 2.1
240000 2.0
245000 2.1
250000 2.0
255000 1.8
260000 1.9
265000 1.8
270000 1.8
275000 1.2
280000 1.8
285000 2.2
290000 1.7
295000 8.3
300000 7.7
305000 5.7
310000 14.0
315000 21.5
320000 7.4
325000 44.5
330000 64.1
335000 56.2
340000 75.9
345000 119.0
350000 123.8
355000 105.2
360000 156.6
365000 160.9
370000 169.1
375000 151.4
380000 158.4
385000 189.7
390000 180.0
395000 206.0
400000 197.2
405000 192.1
410000 180.7
415000 188.0
420000 219.2
425000 225.2
430000 237.4
435000 261.8
440000 255.4
445000 261.6
450000 258.8
455000 251.5
460000 279.3
465000 252.0
470000 281.9
475000 271.2
480000 288.5
485000 298.5
490000 267.4
495000 300.3
500000 296.9
505000 320.4
510000 317.7
515000 313.7
520000 330.3
525000 296.6
530000 331.8
535000 322.7
540000 346.1
545000 327.2
550000 337.2
555000 358.9
560000 366.4
565000 350.6
570000 358.8
575000 349.4
580000 353.5
585000 359.4
590000 345.3
595000 372.9
600000 372.0
605000 355.1
610000 365.0
615000 384.2
620000 372.6
625000 391.9
630000 379.8
635000 372.1
640000 401.1
645000 378.9
650000 393.0
655000 400.6
660000 389.2
665000 411.2
670000 406.9
675000 415.0
680000 414.3
685000 418.3
690000 404.1
695000 401.4
700000 408.1
705000 408.8
710000 422.4
715000 412.0
720000 424.8
725000 429.6
730000 404.3
735000 419.3
740000 438.2
745000 438.7
750000 425.2
755000 430.1
760000 447.2
765000 432.6
770000 445.5
775000 439.7
780000 432.7
785000 440.2
790000 439.5
795000 450.3
800000 442.4
805000 464.3
810000 462.7
815000 464.6
820000 446.0
825000 466.2
830000 449.7
835000 469.3
840000 473.5
845000 473.0
850000 460.8
855000 474.7
860000 465.3
865000 460.2
870000 494.2
875000 469.5
880000 479.3
885000 472.0
890000 487.6
895000 488.9
900000 486.2
905000 490.1
910000 472.2
915000 523.9
920000 494.2
925000 479.6
930000 493.2
935000 511.4
940000 514.3
945000 496.2
950000 514.2
955000 506.6
960000 506.8
965000 525.2
970000 520.9
975000 521.5
980000 553.6
985000 524.0
990000 523.5
995000 527.9
1000000 517.0
1005000 469.3
1010000 442.6
1015000 421.9
1020000 427.8
1025000 386.8
1030000 414.9
1035000 386.1
1040000 428.0
1045000 436.6
1050000 411.4
1055000 413.0
1060000 401.6
1065000 429.5
1070000 450.0
1075000 431.8
1080000 439.4
1085000 412.5
1090000 427.2
1095000 444.0
1100000 449.7
1105000 450.5
1110000 467.3
1115000 485.4
1120000 411.1
1125000 452.0
1130000 497.2
1135000 509.3
1140000 408.2
1145000 535.6
1150000 510.6
1155000 520.2
1160000 534.5
1165000 524.8
1170000 528.4
1175000 532.2
1180000 529.8
1185000 504.5
1190000 528.7
1195000 548.7
1200000 528.1
1205000 522.6
1210000 580.2
1215000 560.9
1220000 576.9
1225000 511.9
1230000 607.1
1235000 530.3
1240000 561.9
1245000 594.0
1250000 558.1
1255000 608.5
1260000 619.0
1265000 545.7
1270000 623.5
1275000 650.3
1280000 640.7
1285000 633.7
1290000 655.1
1295000 644.4
1300000 580.9
1305000 649.5
1310000 664.8
1315000 679.0
1320000 661.4
1325000 633.6
1330000 690.6
1335000 511.3
1340000 704.2
1345000 707.1
1350000 667.7
1355000 712.5
1360000 683.0
1365000 690.7
1370000 707.1
1375000 686.3
1380000 713.2
1385000 733.0
1390000 729.4
1395000 720.5
1400000 725.9
1405000 719.2
1410000 725.9
1415000 688.5
1420000 699.7
1425000 697.5
1430000 733.7
1435000 14.5
1440000 30.0
1445000 25.0
1450000 342.7
1455000 12.4
1460000 1.2
1465000 9.5
1470000 16.2
1475000 505.5
1480000 648.8
1485000 679.0
1490000 739.5
1495000 681.0
1500000 710.4
1505000 708.9
1510000 753.3
1515000 722.8
1520000 731.0
1525000 648.8
1530000 753.1
1535000 742.4
1540000 748.8
1545000 745.3
1550000 716.7
1555000 759.2
1560000 757.3
1565000 689.4
1570000 752.2
1575000 758.9
1580000 759.7
1585000 741.7
1590000 748.0
1595000 751.2
1600000 750.9
1605000 741.5
1610000 750.6
1615000 766.7
1620000 752.5
1625000 758.9
1630000 742.2
1635000 734.5
1640000 750.1
1645000 753.8
1650000 748.6
1655000 684.8
1660000 761.5
1665000 760.3
1670000 766.1
1675000 732.4
1680000 733.1
1685000 684.4
1690000 757.1
1695000 775.3
1700000 693.8
1705000 692.5
1710000 694.4
1715000 628.5
1720000 532.9
1725000 761.2
1730000 766.1
1735000 769.9
1740000 764.3
1745000 765.3
1750000 764.5
1755000 776.2
1760000 767.5
1765000 769.9
1770000 128.7
1775000 89.8
1780000 248.8
1785000 614.6
1790000 706.7
1795000 730.8
1800000 763.5
1805000 766.9
1810000 788.4
1815000 779.4
1820000 771.8
1825000 756.7
1830000 771.5
1835000 777.0
1840000 760.7
1845000 762.5
1850000 780.6
1855000 775.9
1860000 775.5
1865000 792.6
1870000 782.3
1875000 786.9
1880000 787.6
1885000 787.7
1890000 771.6
1895000 783.8
1900000 781.5
1905000 782.8
1910000 765.2
1915000 785.1
1920000 774.5
1925000 709.2
1930000 772.9
1935000 785.8
1940000 774.5
1945000 770.9
1950000 788.4
1955000 787.7
1960000 782.7
1965000 792.9
1970000 785.7
1975000 788.0
1980000 790.3
1985000 792.0
1990000 797.2
1995000 777.8
2000000 695.9
