5000 1.1
10000 1.3
15000 1.2
20000 0.9
25000 1.3
30000 0.9
35000 0.7
40000 0.8
45000 1.5
50000 0.8
55000 0.8
60000 1.1
65000 0.9
70000 0.8
75000 1.4
80000 1.6
85000 1.7
90000 1.1
95000 1.3
100000 1.3
105000 1.3
110000 1.8
115000 1.2
120000 2.4
125000 1.1
130000 1.7
135000 1.4
140000 1.7
145000 1.8
150000 1.4
155000 1.8
160000 2.4
165000 2.2
170000 1.8
175000 1.9
180000 2.4
185000 3.3
190000 3.7
195000 4.7
200000 20.7
205000 23.2
210000 21.8
215000 47.8
220000 40.4
225000 88.0
230000 67.3
235000 85.4
240000 116.5
245000 115.8
250000 114.1
255000 108.0
260000 150.2
265000 116.9
270000 137.9
275000 139.0
280000 124.8
285000 176.7
290000 176.0
295000 177.5
300000 203.7
305000 196.6
310000 206.2
315000 203.0
320000 208.6
325000 213.6
330000 204.2
335000 200.6
340000 195.4
345000 208.7
350000 184.9
355000 208.9
360000 234.0
365000 205.6
370000 239.8
375000 211.3
380000 232.6
385000 249.0
390000 239.1
395000 242.2
400000 252.8
405000 255.5
410000 227.9
415000 228.4
420000 270.6
425000 234.5
430000 262.2
435000 260.0
440000 149.8
445000 1.0
450000 1.4
455000 1.4
460000 90.9
465000 235.6
470000 262.2
475000 257.8
480000 271.5
485000 282.2
490000 277.0
495000 247.6
500000 273.4
505000 245.6
510000 279.4
515000 261.4
520000 280.7
525000 283.8
530000 294.4
535000 284.4
540000 294.3
545000 274.5
550000 300.6
555000 280.4
560000 298.6
565000 296.0
570000 311.6
575000 305.9
580000 307.5
585000 304.5
590000 309.7
595000 332.9
600000 301.2
605000 307.3
610000 313.4
615000 310.4
620000 308.5
625000 315.7
630000 324.8
635000 310.9
640000 331.4
645000 325.0
650000 339.2
655000 341.2
660000 341.1
665000 345.3
670000 326.4
675000 335.3
680000 327.9
685000 346.9
690000 349.0
695000 352.5
700000 352.1
705000 353.9
710000 356.1
715000 338.6
720000 354.9
725000 347.5
730000 365.8
735000 364.3
740000 360.1
745000 351.4
750000 340.7
755000 358.1
760000 331.4
765000 353.8
770000 342.1
775000 357.0
780000 358.6
785000 368.9
790000 372.1
795000 379.2
800000 382.1
805000 373.1
810000 365.6
815000 364.3
820000 378.5
825000 340.6
830000 376.7
835000 375.1
840000 338.7
845000 368.8
850000 390.5
855000 374.4
860000 376.7
865000 375.3
870000 378.0
875000 391.0
880000 391.1
885000 386.1
890000 377.2
895000 395.7
900000 383.3
905000 384.5
910000 382.6
915000 385.1
920000 397.0
925000 388.1
930000 397.4
935000 402.5
940000 396.7
945000 396.6
950000 399.2
955000 402.2
960000 397.2
965000 400.6
970000 390.5
975000 403.9
980000 409.9
985000 394.7
990000 397.8
995000 381.4
1000000 404.7
1005000 353.2
1010000 325.0
1015000 337.8
1020000 320.5
1025000 291.0
1030000 323.2
1035000 346.3
1040000 304.4
1045000 314.4
1050000 332.7
1055000 326.9
1060000 322.9
1065000 341.5
1070000 336.9
1075000 352.2
1080000 364.0
1085000 350.9
1090000 352.6
1095000 385.9
1100000 347.1
1105000 351.7
1110000 338.7
1115000 382.0
1120000 388.0
1125000 382.3
1130000 332.1
1135000 359.5
1140000 389.9
1145000 383.1
1150000 371.3
1155000 378.8
1160000 373.9
1165000 381.8
1170000 405.2
1175000 387.3
1180000 367.4
1185000 396.9
1190000 388.6
1195000 410.9
1200000 398.1
1205000 399.0
1210000 408.5
1215000 406.7
1220000 388.3
1225000 408.9
1230000 417.1
1235000 414.3
1240000 416.1
1245000 420.5
1250000 425.1
1255000 422.4
1260000 425.1
1265000 418.6
1270000 425.8
1275000 428.1
1280000 426.6
1285000 406.7
1290000 433.8
1295000 426.8
1300000 431.1
1305000 427.0
1310000 417.0
1315000 430.4
1320000 434.4
1325000 439.9
1330000 447.6
1335000 433.1
1340000 427.3
1345000 432.8
1350000 416.8
1355000 430.3
1360000 429.6
1365000 445.6
1370000 446.1
1375000 430.3
1380000 444.5
1385000 436.0
1390000 447.2
1395000 445.7
1400000 450.7
1405000 437.6
1410000 443.4
1415000 449.9
1420000 452.2
1425000 438.4
1430000 444.6
1435000 443.9
1440000 448.6
1445000 446.4
1450000 450.3
1455000 465.7
1460000 465.5
1465000 474.1
1470000 449.1
1475000 449.0
1480000 452.8
1485000 446.0
1490000 458.0
1495000 458.6
1500000 462.2
1505000 443.6
1510000 456.2
1515000 454.5
1520000 464.7
1525000 454.8
1530000 456.7
1535000 448.1
1540000 461.4
1545000 464.5
1550000 471.5
1555000 467.7
1560000 459.2
1565000 464.6
1570000 463.3
1575000 471.3
1580000 462.4
1585000 461.1
1590000 458.8
1595000 423.3
1600000 477.1
1605000 472.3
1610000 449.5
1615000 475.5
1620000 477.6
1625000 463.9
1630000 470.3
1635000 468.1
1640000 466.1
1645000 455.0
1650000 471.9
1655000 475.5
1660000 476.9
1665000 462.5
1670000 470.8
1675000 469.9
1680000 473.4
1685000 468.2
1690000 475.5
1695000 453.1
1700000 444.3
1705000 475.5
1710000 473.6
1715000 477.6
1720000 463.9
1725000 471.9
1730000 483.3
1735000 470.8
1740000 462.2
1745000 475.8
1750000 461.4
1755000 483.0
1760000 490.3
1765000 470.5
1770000 480.5
1775000 485.5
1780000 486.3
1785000 491.6
1790000 487.6
1795000 487.9
1800000 478.2
1805000 480.4
1810000 495.3
1815000 494.1
1820000 488.6
1825000 484.0
1830000 495.6
1835000 478.8
1840000 494.7
1845000 482.7
1850000 497.6
1855000 483.8
1860000 478.0
1865000 504.8
1870000 484.2
1875000 504.8
1880000 497.3
1885000 494.9
1890000 445.4
1895000 497.7
1900000 501.8
1905000 439.9
1910000 503.1
1915000 497.3
1920000 496.0
1925000 494.8
1930000 506.0
1935000 503.2
1940000 503.5
1945000 508.4
1950000 502.4
1955000 503.7
1960000 500.9
1965000 504.4
1970000 514.7
1975000 502.7
1980000 509.5
1985000 500.0
1990000 504.8
1995000 517.9
2000000 511.6
