5000 0.9
10000 1.3
15000 1.1
20000 0.8
25000 0.8
30000 1.4
35000 0.9
40000 1.1
45000 1.0
50000 1.2
55000 1.1
60000 1.6
65000 1.5
70000 0.9
75000 1.0
80000 1.4
85000 1.7
90000 1.4
95000 2.7
100000 2.0
105000 1.8
110000 1.8
115000 1.8
120000 1.7
125000 2.0
130000 1.4
135000 1.8
140000 1.6
145000 1.7
150000 6.8
155000 6.7
160000 8.3
165000 19.9
170000 13.2
175000 39.7
180000 34.1
185000 55.5
190000 30.1
195000 84.6
200000 88.3
205000 110.3
210000 70.1
215000 129.4
220000 155.9
225000 121.8
230000 132.4
235000 119.3
240000 160.4
245000 180.5
250000 194.3
255000 210.9
260000 218.2
265000 225.9
270000 220.8
275000 216.2
280000 240.6
285000 268.9
290000 230.1
295000 247.8
300000 266.7
305000 263.6
310000 279.6
315000 285.2
320000 288.8
325000 295.4
330000 293.9
335000 299.8
340000 308.4
345000 220.5
350000 1.3
355000 1.1
360000 177.9
365000 214.8
370000 305.5
375000 323.7
380000 348.4
385000 348.2
390000 354.4
395000 356.2
400000 358.9
405000 350.2
410000 366.8
415000 358.9
420000 350.4
425000 357.7
430000 378.6
435000 385.6
440000 369.1
445000 362.4
450000 393.2
455000 380.2
460000 375.1
465000 384.7
470000 388.9
475000 370.6
480000 369.5
485000 402.5
490000 407.6
495000 385.8
500000 405.7
505000 406.0
510000 358.3
515000 396.6
520000 397.0
525000 408.4
530000 408.6
535000 410.9
540000 421.9
545000 438.0
550000 425.6
555000 418.7
560000 427.8
565000 334.6
570000 434.0
575000 420.7
580000 414.4
585000 411.2
590000 429.4
595000 435.9
600000 437.1
605000 400.3
610000 432.0
615000 435.7
620000 436.0
625000 407.7
630000 434.8
635000 446.3
640000 446.4
645000 460.4
650000 457.2
655000 454.3
660000 449.3
665000 449.1
670000 421.7
675000 458.2
680000 454.9
685000 469.9
690000 454.4
695000 466.1
700000 464.6
705000 458.8
710000 459.7
715000 464.2
720000 457.4
725000 444.1
730000 457.4
735000 473.4
740000 466.6
745000 453.8
750000 458.2
755000 470.3
760000 469.3
765000 469.7
770000 476.8
775000 467.5
780000 466.9
785000 473.4
790000 467.6
795000 455.6
800000 475.1
805000 471.7
810000 477.0
815000 480.0
820000 473.7
825000 471.0
830000 473.8
835000 461.4
840000 461.2
845000 474.9
850000 474.5
855000 429.3
860000 472.2
865000 460.6
870000 470.8
875000 480.1
880000 473.7
885000 471.7
890000 473.1
895000 478.9
900000 477.7
905000 478.7
910000 478.2
915000 475.2
920000 474.5
925000 478.6
930000 467.9
935000 470.1
940000 484.3
945000 480.7
950000 481.5
955000 478.3
960000 479.1
965000 478.4
970000 485.4
975000 473.2
980000 485.2
985000 483.9
990000 477.8
995000 487.9
1000000 458.7
1005000 414.5
1010000 346.9
1015000 328.6
1020000 355.5
1025000 371.7
1030000 369.6
1035000 358.4
1040000 372.1
1045000 344.4
1050000 359.1
1055000 379.4
1060000 405.7
1065000 398.9
1070000 398.8
1075000 397.1
1080000 375.1
1085000 398.9
1090000 405.0
1095000 424.0
1100000 402.3
1105000 433.9
1110000 409.0
1115000 406.6
1120000 434.6
1125000 422.4
1130000 445.6
1135000 444.8
1140000 446.8
1145000 455.0
1150000 423.5
1155000 439.1
1160000 427.2
1165000 445.7
1170000 455.7
1175000 470.6
1180000 470.1
1185000 444.0
1190000 405.7
1195000 443.4
1200000 463.3
1205000 483.5
1210000 459.7
1215000 476.7
1220000 473.5
1225000 469.7
1230000 472.6
1235000 489.1
1240000 479.9
1245000 477.7
1250000 473.4
1255000 472.1
1260000 488.7
1265000 474.5
1270000 462.7
1275000 473.8
1280000 460.2
1285000 474.7
1290000 483.4
1295000 480.1
1300000 496.9
1305000 485.3
1310000 500.1
1315000 499.6
1320000 475.7
1325000 500.8
1330000 502.0
1335000 487.8
1340000 503.9
1345000 499.4
1350000 506.1
1355000 505.9
1360000 496.3
1365000 483.2
1370000 508.1
1375000 501.9
1380000 504.5
1385000 506.7
1390000 498.7
1395000 516.7
1400000 504.2
1405000 513.4
1410000 500.0
1415000 513.2
1420000 502.3
1425000 510.9
1430000 512.7
1435000 522.9
1440000 526.2
1445000 501.9
1450000 516.9
1455000 520.0
1460000 515.9
1465000 517.8
1470000 526.9
1475000 518.2
1480000 522.5
1485000 523.0
1490000 479.9
1495000 511.9
1500000 527.7
1505000 513.7
1510000 531.1
1515000 516.1
1520000 519.5
1525000 521.6
1530000 543.7
1535000 528.4
1540000 532.3
1545000 525.1
1550000 529.6
1555000 533.4
1560000 533.3
1565000 529.5
1570000 535.1
1575000 531.3
1580000 532.1
1585000 545.6
1590000 535.0
1595000 539.2
1600000 536.7
1605000 536.5
1610000 546.3
1615000 532.6
1620000 492.1
1625000 541.8
1630000 546.0
1635000 544.2
1640000 485.4
1645000 547.6
1650000 541.9
1655000 532.7
1660000 552.7
1665000 550.1
1670000 539.7
1675000 554.2
1680000 551.3
1685000 551.4
1690000 541.8
1695000 552.0
1700000 547.5
1705000 523.4
1710000 545.7
1715000 545.2
1720000 552.4
1725000 540.6
1730000 530.9
1735000 546.2
1740000 548.6
1745000 550.4
1750000 540.4
1755000 546.5
1760000 541.6
1765000 553.6
1770000 553.6
1775000 554.0
1780000 553.9
1785000 543.6
1790000 537.2
1795000 552.0
1800000 549.6
1805000 546.6
1810000 550.0
1815000 559.3
1820000 563.9
1825000 547.1
1830000 543.5
1835000 555.0
1840000 551.0
1845000 551.8
1850000 541.8
1855000 561.9
1860000 557.6
1865000 549.1
1870000 554.5
1875000 553.5
1880000 560.8
1885000 562.6
1890000 562.8
1895000 541.2
1900000 563.2
1905000 570.4
1910000 562.2
1915000 561.6
1920000 564.5
1925000 562.2
1930000 544.6
1935000 555.9
1940000 559.6
1945000 564.3
1950000 568.8
1955000 545.8
1960000 558.6
1965000 547.6
1970000 565.8
1975000 564.6
1980000 554.8
1985000 543.4
1990000 558.8
1995000 550.7
2000000 559.7
