5000 0.7
10000 1.3
15000 1.0
20000 1.0
25000 1.0
30000 1.1
35000 0.8
40000 1.2
45000 1.0
50000 1.3
55000 1.0
60000 1.8
65000 1.6
70000 1.7
75000 1.2
80000 1.3
85000 1.6
90000 1.6
95000 1.0
100000 1.2
105000 1.1
110000 1.4
115000 1.1
120000 1.5
125000 1.2
130000 1.3
135000 1.0
140000 3.3
145000 1.2
150000 1.8
155000 2.7
160000 4.0
165000 6.5
170000 5.2
175000 22.8
180000 16.5
185000 22.6
190000 18.5
195000 24.3
200000 46.8
205000 64.9
210000 94.8
215000 117.0
220000 136.4
225000 118.4
230000 100.3
235000 128.5
240000 124.3
245000 113.9
250000 112.8
255000 147.9
260000 159.7
265000 184.2
270000 178.5
275000 192.8
280000 192.0
285000 179.2
290000 182.8
295000 194.8
300000 215.2
305000 224.5
310000 216.2
315000 241.6
320000 217.9
325000 245.2
330000 260.3
335000 257.4
340000 243.0
345000 259.7
350000 264.2
355000 267.9
360000 195.5
365000 16.6
370000 5.4
375000 2.3
380000 20.8
385000 120.8
390000 275.4
395000 248.6
400000 272.3
405000 270.3
410000 286.1
415000 216.6
420000 302.5
425000 303.2
430000 326.4
435000 314.5
440000 342.0
445000 312.1
450000 335.9
455000 326.1
460000 357.3
465000 355.4
470000 354.0
475000 354.7
480000 341.6
485000 344.3
490000 368.6
495000 364.6
500000 364.7
505000 368.9
510000 370.6
515000 363.6
520000 380.1
525000 350.8
530000 351.6
535000 384.4
540000 382.7
545000 380.9
550000 399.8
555000 391.5
560000 406.4
565000 392.9
570000 397.6
575000 387.6
580000 364.7
585000 396.7
590000 397.1
595000 391.1
600000 416.1
605000 408.7
610000 406.0
615000 383.9
620000 423.5
625000 426.1
630000 430.7
635000 437.6
640000 431.9
645000 437.5
650000 420.1
655000 425.2
660000 423.7
665000 428.8
670000 426.8
675000 437.8
680000 430.8
685000 452.7
690000 451.5
695000 409.3
700000 440.8
705000 404.7
710000 460.6
715000 455.7
720000 430.4
725000 431.9
730000 456.8
735000 463.7
740000 468.9
745000 452.4
750000 452.3
755000 463.4
760000 467.0
765000 470.6
770000 461.4
775000 452.1
780000 446.2
785000 464.0
790000 423.8
795000 475.2
800000 475.7
805000 478.1
810000 480.9
815000 442.9
820000 474.2
825000 477.5
830000 462.6
835000 456.4
840000 486.9
845000 485.0
850000 479.0
855000 488.2
860000 479.3
865000 469.7
870000 439.6
875000 486.2
880000 481.8
885000 473.3
890000 479.9
895000 486.9
900000 511.1
905000 467.1
910000 480.2
915000 511.8
920000 450.4
925000 483.8
930000 393.8
935000 443.4
940000 460.0
945000 467.4
950000 517.8
955000 492.1
960000 512.0
965000 519.1
970000 502.8
975000 505.7
980000 526.4
985000 526.0
990000 515.1
995000 490.6
1000000 511.1
1005000 339.5
1010000 333.4
1015000 355.5
1020000 373.5
1025000 318.4
1030000 361.3
1035000 366.7
1040000 381.0
1045000 397.2
1050000 411.0
1055000 388.6
1060000 381.7
1065000 404.5
1070000 379.3
1075000 407.0
1080000 419.9
1085000 392.4
1090000 349.4
1095000 397.9
1100000 422.7
1105000 415.8
1110000 410.5
1115000 427.3
1120000 418.0
1125000 414.1
1130000 421.9
1135000 438.6
1140000 441.5
1145000 420.2
1150000 416.9
1155000 448.6
1160000 451.5
1165000 421.4
1170000 435.5
1175000 455.4
1180000 466.7
1185000 425.2
1190000 474.5
1195000 449.0
1200000 480.9
1205000 482.5
1210000 496.1
1215000 493.6
1220000 499.1
1225000 488.8
1230000 481.4
1235000 463.8
1240000 500.3
1245000 470.3
1250000 418.0
1255000 494.5
1260000 483.6
1265000 480.9
1270000 432.0
1275000 465.5
1280000 491.5
1285000 491.7
1290000 521.5
1295000 528.1
1300000 492.8
1305000 511.6
1310000 508.7
1315000 510.5
1320000 519.6
1325000 518.1
1330000 508.4
1335000 510.3
1340000 506.0
1345000 517.3
1350000 513.3
1355000 522.1
1360000 548.7
1365000 544.7
1370000 547.6
1375000 466.0
1380000 538.0
1385000 532.8
1390000 516.6
1395000 502.7
1400000 491.1
1405000 539.7
1410000 533.4
1415000 558.4
1420000 497.2
1425000 528.2
1430000 545.1
1435000 525.7
1440000 555.7
1445000 538.3
1450000 547.7
1455000 514.7
1460000 484.9
1465000 521.8
1470000 553.1
1475000 548.2
1480000 546.0
1485000 540.6
1490000 540.0
1495000 550.3
1500000 549.4
1505000 567.0
1510000 543.3
1515000 558.8
1520000 566.3
1525000 532.8
1530000 575.0
1535000 591.2
1540000 574.2
1545000 564.0
1550000 572.3
1555000 575.9
1560000 570.8
1565000 567.1
1570000 609.3
1575000 600.5
1580000 567.1
1585000 578.0
1590000 617.8
1595000 533.2
1600000 580.1
1605000 603.8
1610000 570.3
1615000 562.6
1620000 607.3
1625000 596.6
1630000 520.0
1635000 589.7
1640000 604.8
1645000 574.1
1650000 601.6
1655000 585.4
1660000 593.1
1665000 603.5
1670000 598.9
1675000 609.9
1680000 611.5
1685000 593.6
1690000 628.1
1695000 537.4
1700000 584.7
1705000 589.1
1710000 578.7
1715000 621.0
1720000 612.0
1725000 609.6
1730000 609.0
1735000 633.2
1740000 639.6
1745000 599.9
1750000 602.0
1755000 601.7
1760000 595.8
1765000 615.4
1770000 648.6
1775000 613.5
1780000 586.2
1785000 625.5
1790000 606.2
1795000 636.2
1800000 614.9
1805000 606.1
1810000 638.9
1815000 624.7
1820000 623.6
1825000 627.8
1830000 625.7
1835000 637.4
1840000 646.8
1845000 640.2
1850000 630.9
1855000 629.8
1860000 641.9
1865000 641.7
1870000 660.3
1875000 646.1
1880000 653.4
1885000 635.5
1890000 655.2
1895000 630.6
1900000 592.5
1905000 638.2
1910000 650.2
1915000 653.0
1920000 667.9
1925000 648.0
1930000 651.7
1935000 589.3
1940000 636.6
1945000 620.2
1950000 646.7
1955000 661.2
1960000 650.3
1965000 634.5
1970000 652.9
1975000 595.6
1980000 663.1
1985000 635.4
1990000 639.7
1995000 570.9
2000000 633.8
