5000 1.2
10000 1.8
15000 1.2
20000 0.8
25000 0.8
30000 0.8
35000 1.4
40000 0.8
45000 1.0
50000 1.2
55000 1.2
60000 1.3
65000 1.0
70000 1.2
75000 1.6
80000 1.3
85000 1.6
90000 1.3
95000 2.3
100000 1.7
105000 1.8
110000 2.5
115000 1.4
120000 1.9
125000 1.5
130000 1.4
135000 1.5
140000 1.6
145000 2.2
150000 1.3
155000 1.6
160000 1.7
165000 1.5
170000 2.1
175000 2.4
180000 2.1
185000 2.1
190000 2.6
195000 1.9
200000 1.5
205000 1.8
210000 2.0
215000 1.8
220000 2.0
225000 1.1
230000 2.0
235000 2.8
240000 1.6
245000 2.3
250000 2.8
255000 3.0
260000 2.1
265000 2.5
270000 3.1
275000 2.5
280000 2.3
285000 1.5
290000 2.3
295000 1.9
300000 2.0
305000 2.9
310000 3.5
315000 3.4
320000 2.2
325000 2.0
330000 2.4
335000 2.2
340000 2.5
345000 1.8
350000 2.4
355000 1.6
360000 2.3
365000 1.6
370000 1.9
375000 4.4
380000 8.0
385000 6.3
390000 2.6
395000 29.8
400000 3.4
405000 8.4
410000 49.7
415000 10.6
420000 42.3
425000 81.4
430000 89.9
435000 129.0
440000 128.2
445000 150.7
450000 155.2
455000 181.7
460000 189.0
465000 182.6
470000 176.6
475000 218.5
480000 193.1
485000 213.6
490000 245.3
495000 242.4
500000 254.1
505000 246.1
510000 279.2
515000 245.4
520000 278.3
525000 264.6
530000 291.3
535000 277.1
540000 285.3
545000 269.4
550000 279.3
555000 285.9
560000 291.6
565000 296.3
570000 300.6
575000 302.7
580000 313.2
585000 310.4
590000 305.2
595000 303.6
600000 315.1
605000 255.2
610000 268.9
615000 312.8
620000 314.0
625000 310.6
630000 307.9
635000 309.5
640000 328.5
645000 331.4
650000 323.6
655000 309.0
660000 321.0
665000 330.7
670000 329.3
675000 325.7
680000 334.3
685000 327.1
690000 325.5
695000 328.6
700000 336.0
705000 329.9
710000 332.6
715000 341.7
720000 337.4
725000 324.9
730000 346.0
735000 338.5
740000 332.2
745000 336.2
750000 346.2
755000 351.5
760000 353.2
765000 346.6
770000 364.4
775000 332.3
780000 339.4
785000 352.5
790000 352.7
795000 313.4
800000 341.4
805000 336.0
810000 351.4
815000 341.8
820000 348.5
825000 346.7
830000 363.3
835000 338.8
840000 352.0
845000 362.6
850000 360.0
855000 360.2
860000 361.3
865000 347.3
870000 340.5
875000 370.2
880000 364.8
885000 365.7
890000 361.7
895000 360.8
900000 368.9
905000 377.5
910000 368.9
915000 368.9
920000 376.9
925000 386.6
930000 383.6
935000 382.7
940000 373.6
945000 404.3
950000 391.0
955000 375.8
960000 385.6
965000 396.4
970000 389.1
975000 395.0
980000 399.1
985000 395.1
990000 370.5
995000 390.2
1000000 395.9
1005000 325.7
1010000 294.6
1015000 281.1
1020000 316.1
1025000 336.4
1030000 302.3
1035000 287.7
1040000 318.9
1045000 297.2
1050000 307.7
1055000 311.1
1060000 293.6
1065000 209.5
1070000 310.3
1075000 281.1
1080000 338.8
1085000 339.9
1090000 246.6
1095000 340.2
1100000 352.7
1105000 321.4
1110000 365.3
1115000 335.8
1120000 358.4
1125000 349.4
1130000 334.9
1135000 313.9
1140000 358.2
1145000 373.7
1150000 384.0
1155000 394.2
1160000 388.1
1165000 366.8
1170000 372.6
1175000 387.2
1180000 397.4
1185000 393.5
1190000 373.7
1195000 377.4
1200000 390.6
1205000 370.5
1210000 382.8
1215000 413.5
1220000 395.2
1225000 413.4
1230000 418.2
1235000 406.3
1240000 409.9
1245000 415.6
1250000 410.9
1255000 420.5
1260000 435.4
1265000 431.9
1270000 434.7
1275000 402.8
1280000 421.3
1285000 437.0
1290000 442.3
1295000 419.3
1300000 452.3
1305000 471.0
1310000 468.1
1315000 453.8
1320000 442.9
1325000 462.1
1330000 449.3
1335000 460.8
1340000 432.7
1345000 455.9
1350000 467.2
1355000 466.0
1360000 475.1
1365000 444.5
1370000 460.0
1375000 469.6
1380000 464.8
1385000 474.4
1390000 441.6
1395000 443.7
1400000 482.2
1405000 484.2
1410000 495.8
1415000 503.7
1420000 487.4
1425000 478.8
1430000 495.3
1435000 506.1
1440000 490.1
1445000 473.6
1450000 485.3
1455000 460.1
1460000 506.3
1465000 466.2
1470000 488.6
1475000 532.6
1480000 514.5
1485000 509.7
1490000 521.1
1495000 517.2
1500000 525.3
1505000 518.1
1510000 551.5
1515000 560.2
1520000 548.3
1525000 558.2
1530000 556.2
1535000 554.1
1540000 542.2
1545000 551.1
1550000 523.8
1555000 569.7
1560000 579.5
1565000 539.1
1570000 578.5
1575000 566.9
1580000 567.3
1585000 578.0
1590000 613.8
1595000 583.0
1600000 636.9
1605000 582.6
1610000 612.4
1615000 645.3
1620000 615.5
1625000 593.5
1630000 643.4
1635000 672.0
1640000 604.4
1645000 654.2
1650000 643.3
1655000 636.3
1660000 651.1
1665000 640.7
1670000 646.8
1675000 659.0
1680000 661.6
1685000 655.5
1690000 699.0
1695000 662.4
1700000 689.2
1705000 677.8
1710000 663.7
1715000 664.4
1720000 656.0
1725000 686.8
1730000 670.2
1735000 704.5
1740000 677.0
1745000 695.7
1750000 677.1
1755000 698.7
1760000 719.9
1765000 710.3
1770000 703.9
1775000 697.4
1780000 719.0
1785000 699.3
1790000 700.4
1795000 713.1
1800000 744.2
1805000 724.5
1810000 713.5
1815000 718.3
1820000 729.6
1825000 721.3
1830000 713.6
1835000 742.1
1840000 739.8
1845000 737.6
1850000 719.1
1855000 731.2
1860000 717.7
1865000 730.4
1870000 751.2
1875000 743.8
1880000 727.5
1885000 753.1
1890000 722.0
1895000 723.9
1900000 744.5
1905000 751.8
1910000 749.4
1915000 736.8
1920000 745.3
1925000 756.8
1930000 732.5
1935000 756.9
1940000 759.4
1945000 748.4
1950000 761.1
1955000 740.3
1960000 771.7
1965000 762.3
1970000 768.6
1975000 746.7
1980000 754.6
1985000 742.2
1990000 743.6
1995000 762.5
2000000 759.0
