5000 1.1
10000 1.3
15000 1.6
20000 1.0
25000 1.0
30000 1.1
35000 1.1
40000 1.2
45000 1.9
50000 0.8
55000 1.4
60000 1.5
65000 1.4
70000 0.9
75000 1.6
80000 1.1
85000 1.1
90000 1.4
95000 1.1
100000 1.7
105000 1.8
110000 1.9
115000 3.2
120000 2.2
125000 2.2
130000 2.1
135000 2.7
140000 4.0
145000 4.4
150000 17.1
155000 10.3
160000 21.7
165000 3.7
170000 10.4
175000 19.9
180000 19.6
185000 3.4
190000 46.9
195000 7.0
200000 15.4
205000 17.8
210000 30.8
215000 56.6
220000 73.7
225000 91.6
230000 105.3
235000 93.7
240000 108.3
245000 135.0
250000 144.3
255000 151.8
260000 128.4
265000 136.9
270000 136.7
275000 162.7
280000 169.9
285000 159.1
290000 199.9
295000 188.2
300000 211.9
305000 173.8
310000 233.6
315000 210.8
320000 159.8
325000 242.2
330000 217.5
335000 237.2
340000 254.4
345000 270.0
350000 264.8
355000 269.5
360000 288.3
365000 295.6
370000 254.4
375000 273.9
380000 280.9
385000 268.0
390000 270.6
395000 293.6
400000 292.0
405000 296.1
410000 315.4
415000 310.2
420000 292.8
425000 282.4
430000 299.0
435000 276.5
440000 270.0
445000 291.5
450000 332.7
455000 322.0
460000 327.3
465000 320.3
470000 311.5
475000 295.8
480000 314.8
485000 337.4
490000 341.3
495000 334.8
500000 317.6
505000 343.5
510000 342.0
515000 315.7
520000 24.2
525000 0.9
530000 1.2
535000 3.5
540000 1.0
545000 27.6
550000 31.2
555000 121.4
560000 158.6
565000 272.1
570000 320.4
575000 316.8
580000 338.1
585000 350.6
590000 345.4
595000 336.3
600000 358.4
605000 362.9
610000 381.4
615000 358.5
620000 367.5
625000 381.5
630000 375.7
635000 372.7
640000 362.4
645000 382.5
650000 388.4
655000 400.2
660000 392.6
665000 386.6
670000 405.9
675000 402.6
680000 395.3
685000 409.1
690000 411.8
695000 399.2
700000 377.1
705000 401.4
710000 417.5
715000 402.1
720000 393.2
725000 403.0
730000 418.8
735000 417.6
740000 416.3
745000 421.0
750000 417.9
755000 398.5
760000 413.8
765000 415.3
770000 418.1
775000 420.1
780000 406.6
785000 425.0
790000 421.5
795000 424.7
800000 433.9
805000 424.6
810000 425.8
815000 420.6
820000 426.2
825000 420.6
830000 445.3
835000 423.1
840000 435.8
845000 440.5
850000 432.6
855000 428.7
860000 444.7
865000 443.3
870000 442.9
875000 445.7
880000 441.4
885000 436.8
890000 429.8
895000 449.4
900000 439.5
905000 454.4
910000 440.4
915000 443.0
920000 442.4
925000 449.0
930000 446.6
935000 455.8
940000 433.6
945000 451.5
950000 461.1
955000 450.0
960000 438.3
965000 456.9
970000 443.9
975000 450.6
980000 452.5
985000 450.2
990000 460.3
995000 442.9
1000000 438.5
1005000 397.8
1010000 369.3
1015000 381.2
1020000 351.4
1025000 396.7
1030000 392.2
1035000 385.2
1040000 388.1
1045000 403.7
1050000 387.9
1055000 393.2
1060000 386.4
1065000 390.6
1070000 398.3
1075000 396.6
1080000 353.0
1085000 390.6
1090000 404.6
1095000 388.8
1100000 412.9
1105000 419.7
1110000 407.1
1115000 401.1
1120000 400.0
1125000 388.3
1130000 433.1
1135000 432.0
1140000 429.5
1145000 399.4
1150000 424.0
1155000 389.9
1160000 424.7
1165000 409.5
1170000 436.3
1175000 422.7
1180000 432.3
1185000 447.4
1190000 426.2
1195000 438.7
1200000 426.2
1205000 438.2
1210000 438.6
1215000 434.1
1220000 439.3
1225000 444.3
1230000 426.9
1235000 435.6
1240000 423.9
1245000 462.4
1250000 456.2
1255000 455.4
1260000 440.7
1265000 453.8
1270000 451.4
1275000 447.5
1280000 451.4
1285000 442.6
1290000 452.6
1295000 467.7
1300000 448.7
1305000 458.4
1310000 462.5
1315000 463.4
1320000 457.0
1325000 462.6
1330000 469.7
1335000 444.8
1340000 475.4
1345000 465.1
1350000 467.5
1355000 434.7
1360000 473.7
1365000 458.2
1370000 430.0
1375000 468.5
1380000 469.3
1385000 487.8
1390000 468.7
1395000 471.9
1400000 483.5
1405000 461.1
1410000 483.2
1415000 470.3
1420000 472.2
1425000 471.0
1430000 482.2
1435000 480.1
1440000 471.1
1445000 486.9
1450000 488.2
1455000 466.7
1460000 472.4
1465000 480.7
1470000 483.1
1475000 479.1
1480000 487.2
1485000 483.1
1490000 478.2
1495000 493.5
1500000 486.2
1505000 475.8
1510000 486.7
1515000 487.2
1520000 486.0
1525000 496.1
1530000 505.0
1535000 479.2
1540000 497.1
1545000 509.1
1550000 506.9
1555000 487.8
1560000 496.4
1565000 483.2
1570000 489.7
1575000 496.1
1580000 492.0
1585000 480.0
1590000 506.6
1595000 507.7
1600000 496.7
1605000 495.2
1610000 494.9
1615000 479.2
1620000 500.3
1625000 491.3
1630000 510.9
1635000 492.9
1640000 502.5
1645000 490.1
1650000 503.1
1655000 487.7
1660000 495.4
1665000 500.1
1670000 499.4
1675000 508.4
1680000 492.9
1685000 501.8
1690000 512.5
1695000 499.1
1700000 488.2
1705000 500.5
1710000 501.4
1715000 488.3
1720000 495.3
1725000 494.4
1730000 502.8
1735000 502.4
1740000 503.8
1745000 493.9
1750000 507.6
1755000 509.6
1760000 508.7
1765000 505.1
1770000 503.2
1775000 493.2
1780000 508.7
1785000 504.3
1790000 507.3
1795000 508.6
1800000 507.7
1805000 506.5
1810000 509.4
1815000 497.8
1820000 512.1
1825000 522.1
1830000 490.9
1835000 520.6
1840000 511.3
1845000 508.9
1850000 515.5
1855000 500.4
1860000 502.1
1865000 510.3
1870000 491.3
1875000 510.8
1880000 517.0
1885000 506.2
1890000 527.1
1895000 468.8
1900000 507.2
1905000 464.7
1910000 523.9
1915000 517.7
1920000 518.1
1925000 511.4
1930000 507.8
1935000 513.1
1940000 519.3
1945000 522.7
1950000 478.4
1955000 528.0
1960000 523.6
1965000 513.7
1970000 529.9
1975000 520.7
1980000 527.1
1985000 510.3
1990000 526.4
1995000 462.1
2000000 520.2
