5000 1.3
10000 0.9
15000 1.0
20000 1.6
25000 1.5
30000 0.7
35000 1.7
40000 1.3
45000 1.2
50000 0.8
55000 1.4
60000 1.3
65000 1.8
70000 1.4
75000 1.2
80000 1.4
85000 1.2
90000 1.5
95000 1.9
100000 1.6
105000 1.2
110000 1.9
115000 2.1
120000 2.1
125000 2.0
130000 2.2
135000 1.7
140000 1.4
145000 1.9
150000 1.5
155000 1.9
160000 1.8
165000 2.2
170000 3.0
175000 2.1
180000 2.0
185000 1.8
190000 2.0
195000 4.2
200000 2.5
205000 7.0
210000 3.3
215000 6.7
220000 9.1
225000 6.5
230000 27.4
235000 50.7
240000 41.4
245000 91.2
250000 56.5
255000 69.4
260000 83.1
265000 118.8
270000 79.9
275000 133.0
280000 92.4
285000 140.2
290000 156.8
295000 154.1
300000 201.1
305000 139.8
310000 173.0
315000 183.6
320000 224.0
325000 226.6
330000 266.6
335000 194.0
340000 262.9
345000 254.9
350000 285.0
355000 259.2
360000 294.0
365000 292.5
370000 296.2
375000 240.6
380000 273.2
385000 234.6
390000 281.5
395000 316.7
400000 315.9
405000 310.4
410000 302.0
415000 322.9
420000 334.8
425000 341.9
430000 325.7
435000 331.7
440000 358.0
445000 337.3
450000 357.6
455000 372.6
460000 356.4
465000 365.4
470000 382.5
475000 366.0
480000 377.8
485000 378.8
490000 2.1
495000 1.4
500000 2.1
505000 2.0
510000 1.1
515000 2.3
520000 1.8
525000 1.7
530000 1.9
535000 15.1
540000 79.1
545000 137.7
550000 171.7
555000 298.3
560000 301.2
565000 340.3
570000 353.0
575000 337.6
580000 371.3
585000 377.4
590000 364.3
595000 371.3
600000 396.1
605000 383.9
610000 340.8
615000 401.7
620000 400.7
625000 411.9
630000 392.6
635000 401.1
640000 404.0
645000 402.0
650000 407.6
655000 407.8
660000 399.2
665000 398.4
670000 387.1
675000 404.2
680000 410.4
685000 406.9
690000 411.0
695000 416.5
700000 427.0
705000 416.6
710000 437.3
715000 425.6
720000 430.3
725000 443.8
730000 440.3
735000 440.1
740000 417.2
745000 421.6
750000 434.7
755000 445.8
760000 429.8
765000 448.6
770000 431.8
775000 442.6
780000 440.9
785000 436.0
790000 423.3
795000 433.2
800000 437.6
805000 453.2
810000 442.0
815000 453.2
820000 422.2
825000 441.0
830000 450.3
835000 459.7
840000 424.5
845000 386.9
850000 452.1
855000 388.7
860000 450.9
865000 452.3
870000 463.9
875000 438.8
880000 463.9
885000 459.7
890000 458.4
895000 454.5
900000 455.2
905000 460.8
910000 455.0
915000 471.3
920000 460.5
925000 462.3
930000 458.0
935000 443.7
940000 457.6
945000 475.1
950000 472.8
955000 465.4
960000 429.7
965000 474.1
970000 464.1
975000 474.3
980000 467.5
985000 475.9
990000 447.0
995000 487.0
1000000 478.3
1005000 420.9
1010000 418.6
1015000 382.2
1020000 402.6
1025000 355.7
1030000 351.3
1035000 406.4
1040000 421.5
1045000 422.9
1050000 343.0
1055000 400.0
1060000 405.2
1065000 431.3
1070000 409.2
1075000 426.3
1080000 428.0
1085000 426.1
1090000 449.5
1095000 451.1
1100000 445.7
1105000 412.4
1110000 452.4
1115000 448.3
1120000 457.3
1125000 460.7
1130000 461.6
1135000 438.3
1140000 455.6
1145000 406.9
1150000 463.3
1155000 438.1
1160000 452.7
1165000 384.7
1170000 459.7
1175000 470.3
1180000 466.4
1185000 464.6
1190000 471.3
1195000 473.3
1200000 443.5
1205000 469.0
1210000 476.2
1215000 461.6
1220000 478.2
1225000 436.6
1230000 427.7
1235000 480.1
1240000 451.2
1245000 499.8
1250000 510.9
1255000 482.0
1260000 484.7
1265000 495.0
1270000 495.5
1275000 458.9
1280000 499.1
1285000 447.3
1290000 491.3
1295000 506.0
1300000 499.1
1305000 521.2
1310000 489.7
1315000 498.4
1320000 506.4
1325000 508.5
1330000 526.1
1335000 467.3
1340000 493.9
1345000 523.4
1350000 525.7
1355000 480.1
1360000 513.1
1365000 502.4
1370000 450.6
1375000 541.7
1380000 538.3
1385000 515.2
1390000 560.9
1395000 512.9
1400000 509.4
1405000 557.2
1410000 511.8
1415000 578.2
1420000 552.5
1425000 536.5
1430000 546.6
1435000 524.0
1440000 538.6
1445000 525.0
1450000 555.8
1455000 500.7
1460000 577.9
1465000 539.1
1470000 540.8
1475000 500.3
1480000 601.4
1485000 545.8
1490000 567.1
1495000 553.0
1500000 558.2
1505000 543.3
1510000 558.3
1515000 518.9
1520000 534.3
1525000 551.4
1530000 564.9
1535000 581.4
1540000 581.1
1545000 560.2
1550000 545.3
1555000 509.0
1560000 600.9
1565000 570.7
1570000 555.7
1575000 563.8
1580000 599.8
1585000 555.7
1590000 523.5
1595000 572.4
1600000 585.9
1605000 599.6
1610000 568.2
1615000 582.0
1620000 521.5
1625000 588.6
1630000 591.5
1635000 566.6
1640000 597.3
1645000 585.4
1650000 577.9
1655000 578.1
1660000 577.7
1665000 592.1
1670000 602.7
1675000 570.6
1680000 586.6
1685000 530.9
1690000 561.7
1695000 575.2
1700000 598.9
1705000 612.1
1710000 579.4
1715000 591.0
1720000 592.6
1725000 629.5
1730000 593.3
1735000 620.5
1740000 602.1
1745000 598.3
1750000 649.9
1755000 627.6
1760000 630.3
1765000 626.3
1770000 650.5
1775000 618.3
1780000 638.5
1785000 594.5
1790000 622.2
1795000 628.9
1800000 606.7
1805000 631.2
1810000 611.0
1815000 624.2
1820000 619.6
1825000 638.3
1830000 646.7
1835000 654.5
1840000 662.6
1845000 643.1
1850000 650.7
1855000 662.8
1860000 652.0
1865000 667.5
1870000 622.8
1875000 612.8
1880000 636.2
1885000 680.0
1890000 690.2
1895000 681.0
1900000 625.3
1905000 682.1
1910000 695.7
1915000 594.8
1920000 620.0
1925000 702.7
1930000 670.3
1935000 704.8
1940000 691.5
1945000 700.8
1950000 698.3
1955000 703.6
1960000 708.4
1965000 703.2
1970000 722.8
1975000 671.3
1980000 687.7
1985000 711.5
1990000 711.7
1995000 702.6
2000000 709.1
