5000 0.5
10000 35.2
15000 0.2
20000 59.3
25000 57.2
30000 39.2
35000 60.5
40000 61.0
45000 57.2
50000 90.2
55000 77.2
60000 86.4
65000 38.3
70000 96.8
75000 56.8
80000 120.3
85000 139.2
90000 219.5
95000 215.4
100000 255.7
105000 364.1
110000 410.6
115000 411.2
120000 452.7
125000 437.0
130000 492.5
135000 483.2
140000 448.0
145000 396.5
150000 502.3
155000 487.5
160000 487.5
165000 506.2
170000 610.0
175000 588.8
180000 634.0
185000 634.4
190000 652.6
195000 643.7
200000 622.4
205000 684.7
210000 666.4
215000 633.7
220000 655.1
225000 646.3
230000 698.7
235000 670.7
240000 698.8
245000 676.0
250000 678.3
255000 708.5
260000 721.6
265000 709.0
270000 718.3
275000 715.8
280000 726.9
285000 726.6
290000 723.8
295000 743.1
300000 695.3
305000 728.2
310000 736.5
315000 746.5
320000 739.4
325000 753.0
330000 737.6
335000 757.0
340000 749.8
345000 741.7
350000 746.3
355000 747.2
360000 721.3
365000 755.3
370000 754.3
375000 741.6
380000 748.1
385000 753.7
390000 760.1
395000 742.2
400000 752.8
405000 759.1
410000 751.5
415000 749.8
420000 770.1
425000 729.5
430000 734.3
435000 757.3
440000 768.5
445000 765.3
450000 772.2
455000 787.6
460000 762.5
465000 755.5
470000 770.9
475000 790.5
480000 777.5
485000 775.4
490000 776.3
495000 773.7
500000 786.7
505000 797.9
510000 781.2
515000 779.7
520000 795.2
525000 799.0
530000 800.7
535000 767.9
540000 798.7
545000 810.4
550000 810.0
555000 801.6
560000 807.6
565000 806.0
570000 800.3
575000 803.2
580000 789.3
585000 795.2
590000 806.6
595000 808.3
600000 813.5
605000 799.8
610000 814.5
615000 817.9
620000 805.3
625000 809.7
630000 799.0
635000 814.3
640000 801.2
645000 808.3
650000 812.4
655000 808.0
660000 822.3
665000 797.3
670000 812.6
675000 791.4
680000 815.3
685000 816.0
690000 803.9
695000 800.0
700000 821.7
705000 824.4
710000 829.1
715000 811.9
720000 793.3
725000 805.9
730000 824.7
735000 805.4
740000 792.7
745000 818.1
750000 805.3
755000 822.5
760000 817.1
765000 806.1
770000 778.4
775000 828.3
780000 831.8
785000 786.1
790000 812.8
795000 814.9
800000 840.0
805000 844.4
810000 841.9
815000 803.1
820000 841.5
825000 841.4
830000 827.3
835000 847.1
840000 832.9
845000 847.5
850000 839.9
855000 826.3
860000 813.7
865000 845.7
870000 831.8
875000 833.6
880000 815.3
885000 822.3
890000 824.7
895000 831.1
900000 839.8
905000 860.9
910000 846.9
915000 845.9
920000 823.0
925000 825.4
930000 841.0
935000 848.8
940000 843.8
945000 855.5
950000 853.5
955000 850.6
960000 840.5
965000 833.3
970000 854.4
975000 823.0
980000 859.5
985000 856.5
990000 851.1
995000 845.3
1000000 856.6
1005000 811.2
1010000 803.5
1015000 833.5
1020000 808.9
1025000 833.7
1030000 782.1
1035000 513.9
1040000 785.2
1045000 713.0
1050000 833.6
1055000 863.2
1060000 822.5
1065000 845.6
1070000 860.7
1075000 846.7
1080000 868.7
1085000 625.8
1090000 874.4
1095000 876.2
1100000 870.2
1105000 865.5
1110000 863.6
1115000 839.1
1120000 846.8
1125000 862.4
1130000 873.5
1135000 849.2
1140000 851.0
1145000 847.8
1150000 805.0
1155000 866.9
1160000 859.6
1165000 876.0
1170000 871.7
1175000 797.4
1180000 876.0
1185000 866.6
1190000 879.9
1195000 865.8
1200000 881.4
1205000 872.3
1210000 850.8
1215000 885.8
1220000 873.6
1225000 886.0
1230000 866.9
1235000 855.9
1240000 775.3
1245000 881.0
1250000 814.8
1255000 839.7
1260000 850.4
1265000 860.2
1270000 879.1
1275000 873.9
1280000 884.5
1285000 881.3
1290000 835.9
1295000 864.8
1300000 809.0
1305000 832.5
1310000 776.6
1315000 858.2
1320000 856.8
1325000 881.7
1330000 883.5
1335000 877.9
1340000 876.9
1345000 872.7
1350000 792.0
1355000 799.4
1360000 861.4
1365000 882.1
1370000 856.1
1375000 881.7
1380000 870.0
1385000 805.9
1390000 784.3
1395000 647.2
1400000 876.2
1405000 838.5
1410000 883.1
1415000 882.7
1420000 871.0
1425000 884.0
1430000 887.1
1435000 885.2
1440000 860.5
1445000 869.3
1450000 885.8
1455000 856.9
1460000 802.7
1465000 860.7
1470000 886.0
1475000 879.4
1480000 877.9
1485000 884.7
1490000 830.4
1495000 880.1
1500000 854.6
1505000 889.2
1510000 886.9
1515000 888.5
1520000 848.6
1525000 887.3
1530000 884.4
1535000 851.3
1540000 883.2
1545000 852.7
1550000 850.3
1555000 884.6
1560000 889.1
1565000 881.9
1570000 890.2
1575000 887.9
1580000 889.5
1585000 878.0
1590000 890.5
1595000 893.5
1600000 891.0
1605000 874.0
1610000 884.9
1615000 884.7
1620000 832.3
1625000 890.3
1630000 884.3
1635000 879.9
1640000 870.9
1645000 889.4
1650000 893.8
1655000 886.2
1660000 889.2
1665000 888.0
1670000 879.4
1675000 892.1
1680000 892.1
1685000 887.7
1690000 889.9
1695000 892.7
1700000 892.4
1705000 888.5
1710000 889.6
1715000 889.6
1720000 893.5
1725000 893.4
1730000 889.4
1735000 892.5
1740000 890.0
1745000 888.5
1750000 894.9
1755000 893.5
1760000 890.2
1765000 895.2
1770000 890.7
1775000 889.9
1780000 874.9
1785000 889.9
1790000 896.6
1795000 895.5
1800000 893.5
1805000 893.7
1810000 892.0
1815000 891.9
1820000 896.3
1825000 891.8
1830000 894.7
1835000 892.9
1840000 896.0
1845000 858.3
1850000 812.2
1855000 889.3
1860000 894.2
1865000 893.6
1870000 894.3
1875000 894.0
1880000 892.2
1885000 894.9
1890000 893.1
1895000 892.3
1900000 895.0
1905000 899.0
1910000 895.6
1915000 898.1
1920000 799.0
1925000 891.2
1930000 893.4
1935000 851.1
1940000 887.7
1945000 890.4
1950000 895.1
1955000 887.1
1960000 813.2
1965000 892.5
1970000 896.3
1975000 887.3
1980000 896.4
1985000 895.4
1990000 893.5
1995000 898.5
2000000 895.0
