5000 0.1
10000 3.0
15000 25.5
20000 69.9
25000 54.6
30000 31.8
35000 151.0
40000 124.2
45000 94.0
50000 91.6
55000 172.8
60000 155.7
65000 211.8
70000 212.1
75000 200.3
80000 326.4
85000 361.3
90000 342.6
95000 383.9
100000 332.4
105000 341.6
110000 419.0
115000 424.9
120000 444.7
125000 437.5
130000 456.2
135000 468.4
140000 542.7
145000 495.1
150000 550.1
155000 554.7
160000 534.8
165000 514.8
170000 557.5
175000 524.9
180000 584.5
185000 566.7
190000 587.5
195000 570.6
200000 592.2
205000 587.6
210000 585.3
215000 603.8
220000 610.4
225000 605.9
230000 596.8
235000 600.6
240000 611.3
245000 620.4
250000 627.8
255000 619.0
260000 552.0
265000 635.3
270000 530.1
275000 528.7
280000 653.0
285000 606.2
290000 653.1
295000 674.0
300000 664.3
305000 664.9
310000 655.8
315000 658.3
320000 660.8
325000 702.2
330000 686.3
335000 695.1
340000 696.7
345000 684.6
350000 726.6
355000 683.6
360000 734.8
365000 737.7
370000 738.9
375000 705.2
380000 657.4
385000 587.2
390000 731.5
395000 753.1
400000 713.7
405000 721.9
410000 765.4
415000 503.2
420000 765.5
425000 737.9
430000 710.7
435000 737.7
440000 687.6
445000 774.0
450000 730.5
455000 699.9
460000 761.8
465000 703.8
470000 722.8
475000 753.0
480000 765.5
485000 754.7
490000 758.5
495000 708.5
500000 744.6
505000 772.6
510000 731.1
515000 752.7
520000 776.2
525000 760.9
530000 762.8
535000 787.7
540000 777.0
545000 766.6
550000 785.5
555000 774.0
560000 772.3
565000 780.6
570000 780.5
575000 750.2
580000 793.2
585000 801.8
590000 784.0
595000 782.3
600000 794.0
605000 770.9
610000 802.4
615000 727.9
620000 810.1
625000 804.0
630000 787.3
635000 809.3
640000 785.6
645000 780.3
650000 801.0
655000 759.4
660000 797.4
665000 800.7
670000 819.7
675000 811.0
680000 821.2
685000 807.3
690000 800.3
695000 809.8
700000 813.8
705000 760.5
710000 819.7
715000 802.0
720000 815.8
725000 809.6
730000 819.3
735000 811.4
740000 808.7
745000 809.3
750000 822.2
755000 828.4
760000 785.5
765000 806.4
770000 819.7
775000 835.8
780000 806.9
785000 807.3
790000 822.3
795000 832.1
800000 843.8
805000 814.6
810000 791.7
815000 828.7
820000 832.3
825000 839.8
830000 807.1
835000 845.9
840000 831.4
845000 822.8
850000 808.8
855000 843.7
860000 825.7
865000 837.2
870000 859.7
875000 828.4
880000 798.3
885000 835.0
890000 816.3
895000 829.8
900000 854.9
905000 821.4
910000 845.5
915000 839.9
920000 838.7
925000 813.1
930000 850.7
935000 846.6
940000 852.8
945000 801.5
950000 843.8
955000 810.4
960000 826.2
965000 835.9
970000 800.6
975000 818.7
980000 867.0
985000 807.8
990000 846.9
995000 831.3
1000000 850.4
1005000 844.1
1010000 852.4
1015000 841.6
1020000 871.1
1025000 780.7
1030000 864.8
1035000 806.2
1040000 876.9
1045000 766.7
1050000 882.6
1055000 884.2
1060000 878.2
1065000 879.8
1070000 843.8
1075000 880.4
1080000 884.4
1085000 880.0
1090000 881.4
1095000 881.7
1100000 848.2
1105000 798.8
1110000 802.9
1115000 885.2
1120000 891.3
1125000 884.8
1130000 870.1
1135000 879.9
1140000 885.2
1145000 726.2
1150000 860.9
1155000 893.7
1160000 893.3
1165000 889.3
1170000 882.1
1175000 878.9
1180000 891.1
1185000 843.9
1190000 808.5
1195000 881.1
1200000 889.3
1205000 889.1
1210000 884.0
1215000 547.6
1220000 391.6
1225000 730.6
1230000 473.8
1235000 729.3
1240000 639.4
1245000 821.7
1250000 783.6
1255000 877.3
1260000 895.7
1265000 885.2
1270000 889.0
1275000 886.4
1280000 884.5
1285000 807.7
1290000 893.2
1295000 891.7
1300000 888.6
1305000 886.2
1310000 891.5
1315000 894.7
1320000 891.6
1325000 809.3
1330000 887.7
1335000 893.3
1340000 893.3
1345000 821.3
1350000 896.9
1355000 864.7
1360000 891.3
1365000 896.2
1370000 894.0
1375000 819.9
1380000 847.0
1385000 895.8
1390000 891.3
1395000 890.1
1400000 886.2
1405000 891.6
1410000 889.3
1415000 866.8
1420000 893.3
1425000 897.9
1430000 897.2
1435000 816.6
1440000 877.9
1445000 899.6
1450000 883.0
1455000 892.4
1460000 888.6
1465000 890.9
1470000 894.9
1475000 876.2
1480000 876.5
1485000 896.2
1490000 898.8
1495000 901.8
1500000 846.0
1505000 885.1
1510000 881.5
1515000 896.0
1520000 899.8
1525000 896.9
1530000 876.3
1535000 689.4
1540000 893.1
1545000 754.1
1550000 899.2
1555000 900.9
1560000 897.8
1565000 897.0
1570000 898.7
1575000 876.7
1580000 896.3
1585000 897.9
1590000 892.2
1595000 891.4
1600000 894.9
1605000 864.1
1610000 877.5
1615000 897.4
1620000 884.6
1625000 894.7
1630000 892.5
1635000 894.0
1640000 892.6
1645000 894.8
1650000 894.6
1655000 898.8
1660000 897.5
1665000 894.4
1670000 889.5
1675000 902.4
1680000 901.6
1685000 899.7
1690000 895.7
1695000 897.3
1700000 893.3
1705000 900.7
1710000 889.3
1715000 901.9
1720000 897.4
1725000 887.6
1730000 897.2
1735000 607.8
1740000 897.9
1745000 898.4
1750000 897.8
1755000 895.7
1760000 899.9
1765000 899.8
1770000 788.2
1775000 896.0
1780000 888.1
1785000 899.7
1790000 891.2
1795000 900.1
1800000 899.9
1805000 898.7
1810000 890.3
1815000 879.3
1820000 899.0
1825000 895.1
1830000 902.1
1835000 675.6
1840000 881.8
1845000 901.4
1850000 900.9
1855000 901.1
1860000 899.1
1865000 901.7
1870000 900.1
1875000 902.9
1880000 898.7
1885000 898.2
1890000 885.6
1895000 733.2
1900000 878.0
1905000 902.0
1910000 891.1
1915000 900.1
1920000 900.2
1925000 900.8
1930000 903.5
1935000 904.0
1940000 899.1
1945000 895.4
1950000 901.3
1955000 895.7
1960000 901.8
1965000 902.8
1970000 904.6
1975000 901.1
1980000 902.9
1985000 900.5
1990000 903.2
1995000 903.4
2000000 894.1
