5000 0.5
10000 8.0
15000 35.0
20000 6.4
25000 6.7
30000 52.9
35000 60.6
40000 88.9
45000 70.2
50000 74.9
55000 124.8
60000 64.9
65000 76.4
70000 184.0
75000 175.7
80000 304.9
85000 262.1
90000 258.1
95000 183.7
100000 402.3
105000 277.7
110000 457.2
115000 382.1
120000 477.5
125000 343.9
130000 480.4
135000 487.5
140000 455.2
145000 438.6
150000 567.4
155000 598.7
160000 591.2
165000 612.4
170000 571.8
175000 416.9
180000 433.3
185000 557.4
190000 603.5
195000 566.3
200000 626.1
205000 612.6
210000 673.9
215000 645.2
220000 659.8
225000 642.1
230000 695.1
235000 725.3
240000 728.7
245000 599.6
250000 778.7
255000 556.4
260000 710.5
265000 676.1
270000 293.8
275000 402.4
280000 722.8
285000 682.6
290000 725.0
295000 687.1
300000 763.2
305000 749.8
310000 755.1
315000 548.9
320000 735.9
325000 771.1
330000 643.8
335000 759.8
340000 690.0
345000 751.8
350000 788.4
355000 823.4
360000 761.9
365000 755.5
370000 827.7
375000 842.4
380000 759.7
385000 846.2
390000 813.6
395000 817.3
400000 762.1
405000 760.6
410000 836.5
415000 773.0
420000 741.4
425000 864.2
430000 848.6
435000 842.3
440000 809.4
445000 690.2
450000 743.6
455000 872.1
460000 870.8
465000 779.1
470000 844.7
475000 866.6
480000 879.2
485000 879.4
490000 850.6
495000 780.2
500000 879.0
505000 856.1
510000 830.1
515000 869.2
520000 855.0
525000 876.2
530000 884.2
535000 871.5
540000 855.3
545000 834.7
550000 812.0
555000 879.9
560000 878.0
565000 841.5
570000 864.6
575000 810.8
580000 844.2
585000 818.6
590000 857.9
595000 880.8
600000 882.0
605000 825.2
610000 888.7
615000 884.9
620000 875.0
625000 872.2
630000 866.0
635000 869.2
640000 879.5
645000 892.5
650000 878.8
655000 860.5
660000 804.5
665000 863.9
670000 878.1
675000 872.6
680000 886.2
685000 869.2
690000 877.3
695000 840.1
700000 826.0
705000 881.8
710000 879.1
715000 888.1
720000 885.4
725000 895.6
730000 891.0
735000 891.5
740000 890.4
745000 891.9
750000 887.5
755000 894.4
760000 886.5
765000 879.6
770000 894.5
775000 886.2
780000 897.5
785000 894.0
790000 895.3
795000 883.9
800000 875.7
805000 882.9
810000 873.9
815000 889.7
820000 895.7
825000 863.6
830000 886.2
835000 882.2
840000 892.8
845000 889.4
850000 884.6
855000 896.9
860000 892.0
865000 841.1
870000 897.9
875000 883.3
880000 896.0
885000 898.0
890000 889.7
895000 894.5
900000 895.1
905000 868.9
910000 888.1
915000 896.2
920000 889.9
925000 892.8
930000 872.7
935000 895.7
940000 895.3
945000 887.5
950000 896.9
955000 896.2
960000 896.1
965000 901.3
970000 886.3
975000 884.1
980000 885.5
985000 887.1
990000 895.5
995000 900.8
1000000 892.8
1005000 870.4
1010000 784.3
1015000 576.9
1020000 881.5
1025000 864.2
1030000 256.0
1035000 48.7
1040000 50.6
1045000 44.1
1050000 60.3
1055000 340.6
1060000 223.3
1065000 199.8
1070000 458.8
1075000 667.5
1080000 886.2
1085000 802.9
1090000 859.3
1095000 885.1
1100000 836.8
1105000 885.6
1110000 851.0
1115000 899.1
1120000 896.7
1125000 895.2
1130000 781.3
1135000 893.7
1140000 635.0
1145000 536.3
1150000 455.6
1155000 888.0
1160000 880.7
1165000 886.1
1170000 880.8
1175000 800.3
1180000 786.1
1185000 897.2
1190000 892.2
1195000 897.9
1200000 901.7
1205000 878.9
1210000 897.5
1215000 878.1
1220000 898.1
1225000 802.8
1230000 900.5
1235000 904.7
1240000 900.1
1245000 904.4
1250000 799.5
1255000 903.0
1260000 901.7
1265000 903.0
1270000 898.5
1275000 906.1
1280000 899.5
1285000 902.6
1290000 906.8
1295000 903.6
1300000 901.8
1305000 903.4
1310000 899.6
1315000 871.9
1320000 893.2
1325000 902.4
1330000 903.6
1335000 895.9
1340000 905.1
1345000 819.0
1350000 900.4
1355000 907.3
1360000 906.2
1365000 906.1
1370000 905.7
1375000 905.2
1380000 907.7
1385000 897.6
1390000 906.0
1395000 907.7
1400000 908.7
1405000 908.2
1410000 905.7
1415000 908.1
1420000 897.8
1425000 905.0
1430000 908.0
1435000 909.2
1440000 900.9
1445000 909.4
1450000 909.3
1455000 909.2
1460000 910.5
1465000 908.2
1470000 903.1
1475000 868.0
1480000 905.7
1485000 873.5
1490000 900.1
1495000 904.8
1500000 821.8
1505000 907.1
1510000 906.5
1515000 865.8
1520000 910.0
1525000 909.0
1530000 911.2
1535000 906.9
1540000 910.2
1545000 906.6
1550000 908.0
1555000 906.1
1560000 906.6
1565000 910.7
1570000 874.2
1575000 904.1
1580000 907.9
1585000 830.9
1590000 907.8
1595000 897.6
1600000 909.2
1605000 897.0
1610000 910.7
1615000 911.8
1620000 911.8
1625000 910.0
1630000 911.3
1635000 902.0
1640000 906.9
1645000 912.2
1650000 907.3
1655000 910.5
1660000 905.0
1665000 912.5
1670000 911.8
1675000 911.2
1680000 909.3
1685000 912.4
1690000 909.4
1695000 911.1
1700000 830.7
1705000 904.0
1710000 909.9
1715000 908.2
1720000 910.9
1725000 894.5
1730000 816.0
1735000 725.6
1740000 909.7
1745000 898.3
1750000 912.4
1755000 908.5
1760000 909.5
1765000 904.8
1770000 909.1
1775000 909.8
1780000 912.0
1785000 911.8
1790000 911.1
1795000 908.8
1800000 909.1
1805000 912.6
1810000 907.5
1815000 904.6
1820000 897.5
1825000 911.3
1830000 910.4
1835000 911.1
1840000 910.7
1845000 911.7
1850000 910.2
1855000 913.4
1860000 907.6
1865000 911.1
1870000 906.6
1875000 907.6
1880000 910.1
1885000 914.6
1890000 915.4
1895000 914.0
1900000 911.9
1905000 911.8
1910000 913.6
1915000 912.0
1920000 910.4
1925000 911.1
1930000 910.9
1935000 911.0
1940000 911.9
1945000 910.3
1950000 914.8
1955000 869.6
1960000 910.3
1965000 915.3
1970000 912.5
1975000 910.3
1980000 915.7
1985000 912.5
1990000 901.2
1995000 913.0
2000000 914.3
