5000 8.4
10000 2.1
15000 77.2
20000 0.5
25000 37.2
30000 74.5
35000 61.8
40000 81.9
45000 120.8
50000 182.2
55000 175.9
60000 141.8
65000 172.4
70000 148.7
75000 287.7
80000 287.9
85000 264.2
90000 296.2
95000 345.7
100000 319.1
105000 367.8
110000 404.9
115000 391.8
120000 364.7
125000 370.2
130000 393.9
135000 391.7
140000 431.8
145000 403.0
150000 385.7
155000 475.7
160000 499.2
165000 496.1
170000 529.7
175000 490.4
180000 526.7
185000 509.6
190000 524.1
195000 546.2
200000 541.6
205000 516.9
210000 557.5
215000 509.1
220000 567.2
225000 595.3
230000 639.3
235000 590.6
240000 601.2
245000 669.6
250000 652.5
255000 627.0
260000 625.2
265000 689.6
270000 640.6
275000 696.2
280000 704.5
285000 664.2
290000 501.1
295000 653.1
300000 621.3
305000 679.4
310000 657.1
315000 659.3
320000 625.3
325000 673.2
330000 689.6
335000 566.7
340000 713.7
345000 707.4
350000 692.0
355000 689.2
360000 711.6
365000 642.3
370000 722.4
375000 721.1
380000 722.0
385000 732.9
390000 752.2
395000 771.7
400000 762.3
405000 740.7
410000 722.6
415000 771.7
420000 674.8
425000 756.0
430000 741.8
435000 731.3
440000 761.7
445000 788.3
450000 795.3
455000 766.3
460000 796.5
465000 775.2
470000 769.3
475000 764.2
480000 788.0
485000 781.4
490000 794.2
495000 821.6
500000 797.2
505000 814.1
510000 801.0
515000 828.0
520000 741.9
525000 822.7
530000 805.3
535000 781.4
540000 834.3
545000 826.8
550000 814.6
555000 813.1
560000 831.8
565000 837.2
570000 825.2
575000 838.5
580000 839.0
585000 847.0
590000 826.0
595000 842.9
600000 828.2
605000 848.6
610000 845.7
615000 821.4
620000 841.4
625000 830.6
630000 812.9
635000 847.5
640000 843.6
645000 825.8
650000 850.7
655000 831.2
660000 831.1
665000 863.0
670000 772.0
675000 848.7
680000 824.6
685000 840.4
690000 832.7
695000 852.8
700000 836.2
705000 848.7
710000 852.5
715000 867.2
720000 855.7
725000 862.7
730000 857.7
735000 850.5
740000 861.1
745000 856.0
750000 834.8
755000 848.7
760000 867.3
765000 860.1
770000 869.5
775000 867.4
780000 853.5
785000 857.9
790000 863.0
795000 841.7
800000 868.8
805000 849.6
810000 852.8
815000 808.5
820000 846.1
825000 828.2
830000 875.3
835000 868.5
840000 870.4
845000 858.3
850000 856.6
855000 871.8
860000 869.2
865000 871.5
870000 873.0
875000 875.6
880000 862.4
885000 854.3
890000 868.5
895000 868.5
900000 863.6
905000 869.7
910000 873.6
915000 869.7
920000 867.6
925000 839.9
930000 870.7
935000 869.4
940000 872.2
945000 869.9
950000 848.4
955000 869.6
960000 869.5
965000 871.0
970000 861.1
975000 872.4
980000 870.1
985000 867.5
990000 878.3
995000 864.7
1000000 865.9
1005000 850.7
1010000 851.3
1015000 849.2
1020000 854.5
1025000 840.0
1030000 837.9
1035000 850.1
1040000 837.5
1045000 862.0
1050000 838.6
1055000 807.3
1060000 803.7
1065000 854.4
1070000 848.1
1075000 855.4
1080000 863.4
1085000 853.7
1090000 873.3
1095000 850.4
1100000 837.7
1105000 752.8
1110000 885.6
1115000 867.5
1120000 512.4
1125000 66.7
1130000 61.6
1135000 95.8
1140000 326.9
1145000 618.6
1150000 854.4
1155000 791.7
1160000 861.7
1165000 870.4
1170000 851.4
1175000 813.0
1180000 869.5
1185000 870.1
1190000 883.4
1195000 852.7
1200000 824.7
1205000 878.8
1210000 868.9
1215000 886.8
1220000 887.9
1225000 869.6
1230000 860.7
1235000 779.3
1240000 885.8
1245000 885.4
1250000 888.5
1255000 885.9
1260000 885.5
1265000 885.4
1270000 887.7
1275000 884.1
1280000 888.1
1285000 875.9
1290000 882.8
1295000 886.8
1300000 891.4
1305000 886.3
1310000 894.5
1315000 892.3
1320000 883.9
1325000 813.3
1330000 698.0
1335000 768.0
1340000 893.7
1345000 887.5
1350000 886.4
1355000 891.8
1360000 884.5
1365000 716.0
1370000 884.9
1375000 892.1
1380000 889.1
1385000 891.8
1390000 888.1
1395000 887.9
1400000 892.0
1405000 895.5
1410000 882.3
1415000 889.3
1420000 866.4
1425000 852.8
1430000 886.5
1435000 894.0
1440000 881.0
1445000 847.7
1450000 884.6
1455000 888.5
1460000 888.7
1465000 884.9
1470000 890.2
1475000 896.6
1480000 876.6
1485000 877.3
1490000 888.3
1495000 884.6
1500000 869.8
1505000 892.8
1510000 892.6
1515000 891.5
1520000 886.5
1525000 898.5
1530000 897.0
1535000 897.1
1540000 897.0
1545000 892.4
1550000 881.8
1555000 877.9
1560000 885.3
1565000 891.5
1570000 898.3
1575000 885.8
1580000 891.8
1585000 897.6
1590000 879.9
1595000 893.1
1600000 880.9
1605000 874.3
1610000 896.4
1615000 899.4
1620000 892.0
1625000 897.6
1630000 892.0
1635000 892.3
1640000 888.4
1645000 676.6
1650000 887.3
1655000 668.8
1660000 894.8
1665000 896.0
1670000 895.6
1675000 893.1
1680000 888.8
1685000 891.7
1690000 892.0
1695000 890.1
1700000 890.4
1705000 896.5
1710000 889.6
1715000 880.7
1720000 885.7
1725000 893.2
1730000 872.0
1735000 887.4
1740000 887.5
1745000 893.9
1750000 896.1
1755000 893.7
1760000 827.6
1765000 891.1
1770000 891.4
1775000 898.0
1780000 894.5
1785000 889.1
1790000 893.4
1795000 893.2
1800000 896.0
1805000 899.7
1810000 898.2
1815000 898.3
1820000 892.0
1825000 895.9
1830000 895.9
1835000 895.8
1840000 892.0
1845000 895.2
1850000 888.6
1855000 895.1
1860000 894.0
1865000 890.7
1870000 896.2
1875000 894.6
1880000 898.5
1885000 898.6
1890000 897.6
1895000 896.7
1900000 897.6
1905000 895.1
1910000 896.6
1915000 901.7
1920000 898.8
1925000 893.3
1930000 899.2
1935000 901.4
1940000 897.4
1945000 897.7
1950000 898.1
1955000 899.4
1960000 893.1
1965000 897.1
1970000 897.6
1975000 899.2
1980000 897.8
1985000 898.2
1990000 898.3
1995000 893.8
2000000 686.7
