5000 31.9
10000 0.4
15000 2.8
20000 23.5
25000 27.8
30000 37.4
35000 52.7
40000 42.8
45000 91.9
50000 103.2
55000 85.8
60000 129.7
65000 129.7
70000 208.5
75000 123.5
80000 242.2
85000 220.8
90000 255.7
95000 252.1
100000 178.9
105000 332.1
110000 271.0
115000 284.4
120000 404.5
125000 444.9
130000 441.7
135000 498.3
140000 540.2
145000 569.2
150000 485.3
155000 537.8
160000 601.6
165000 609.9
170000 644.4
175000 612.3
180000 634.9
185000 681.5
190000 659.4
195000 714.4
200000 693.0
205000 725.4
210000 715.0
215000 724.1
220000 741.0
225000 728.3
230000 733.2
235000 738.5
240000 738.5
245000 747.3
250000 756.8
255000 693.2
260000 754.9
265000 740.3
270000 751.9
275000 760.7
280000 759.3
285000 767.7
290000 719.9
295000 742.8
300000 725.1
305000 772.7
310000 777.1
315000 765.8
320000 784.2
325000 736.1
330000 787.6
335000 789.0
340000 785.6
345000 793.4
350000 774.4
355000 789.2
360000 784.7
365000 801.8
370000 792.0
375000 781.8
380000 796.0
385000 794.6
390000 799.4
395000 791.5
400000 718.5
405000 811.7
410000 820.6
415000 813.1
420000 824.0
425000 814.5
430000 806.6
435000 823.1
440000 816.6
445000 801.1
450000 818.3
455000 825.1
460000 815.2
465000 834.5
470000 820.5
475000 835.5
480000 817.2
485000 833.9
490000 849.2
495000 838.5
500000 837.2
505000 798.5
510000 840.1
515000 834.9
520000 839.5
525000 442.2
530000 843.2
535000 812.5
540000 850.7
545000 704.4
550000 845.1
555000 826.6
560000 842.5
565000 847.6
570000 849.3
575000 845.7
580000 852.3
585000 851.5
590000 782.3
595000 860.8
600000 810.9
605000 875.7
610000 485.5
615000 846.6
620000 829.5
625000 829.2
630000 842.0
635000 857.5
640000 848.5
645000 856.6
650000 873.3
655000 855.6
660000 850.3
665000 846.3
670000 859.5
675000 869.9
680000 865.3
685000 881.6
690000 850.1
695000 862.9
700000 868.2
705000 873.7
710000 852.6
715000 879.2
720000 880.1
725000 861.5
730000 879.8
735000 658.2
740000 870.1
745000 863.0
750000 869.1
755000 884.6
760000 883.2
765000 874.5
770000 868.7
775000 878.2
780000 878.8
785000 865.3
790000 880.8
795000 871.6
800000 884.2
805000 872.1
810000 890.2
815000 858.8
820000 872.8
825000 881.5
830000 882.6
835000 869.5
840000 855.7
845000 866.8
850000 877.9
855000 887.6
860000 871.7
865000 815.6
870000 863.2
875000 859.3
880000 876.7
885000 868.4
890000 880.0
895000 855.5
900000 875.4
905000 877.7
910000 798.4
915000 890.2
920000 872.2
925000 887.5
930000 887.2
935000 854.8
940000 845.0
945000 768.4
950000 893.8
955000 885.8
960000 886.9
965000 880.8
970000 885.5
975000 881.0
980000 886.2
985000 862.2
990000 878.4
995000 858.2
1000000 864.5
1005000 852.3
1010000 855.2
1015000 705.2
1020000 860.3
1025000 876.3
1030000 884.4
1035000 877.0
1040000 846.1
1045000 875.8
1050000 866.1
1055000 874.7
1060000 873.9
1065000 883.8
1070000 804.9
1075000 770.8
1080000 34.3
1085000 74.2
1090000 172.2
1095000 223.5
1100000 709.1
1105000 884.0
1110000 879.4
1115000 872.5
1120000 878.8
1125000 860.3
1130000 855.7
1135000 887.6
1140000 885.2
1145000 879.9
1150000 874.4
1155000 279.6
1160000 536.2
1165000 899.2
1170000 894.0
1175000 831.0
1180000 838.9
1185000 862.4
1190000 670.0
1195000 805.0
1200000 818.5
1205000 879.5
1210000 880.2
1215000 895.9
1220000 886.9
1225000 892.2
1230000 883.7
1235000 886.8
1240000 885.6
1245000 885.6
1250000 894.9
1255000 887.2
1260000 890.2
1265000 898.6
1270000 892.3
1275000 903.0
1280000 903.9
1285000 900.9
1290000 894.5
1295000 897.5
1300000 847.2
1305000 899.4
1310000 902.1
1315000 897.5
1320000 897.9
1325000 895.3
1330000 897.4
1335000 899.8
1340000 894.5
1345000 902.3
1350000 890.3
1355000 898.1
1360000 903.5
1365000 901.9
1370000 901.9
1375000 904.0
1380000 901.7
1385000 907.1
1390000 901.7
1395000 894.4
1400000 818.3
1405000 898.2
1410000 905.1
1415000 903.9
1420000 907.5
1425000 894.1
1430000 902.4
1435000 905.1
1440000 883.2
1445000 885.5
1450000 862.7
1455000 906.3
1460000 829.1
1465000 899.4
1470000 902.6
1475000 903.4
1480000 908.2
1485000 905.9
1490000 902.2
1495000 900.6
1500000 905.0
1505000 907.9
1510000 903.7
1515000 830.6
1520000 902.7
1525000 895.1
1530000 902.6
1535000 902.8
1540000 897.8
1545000 903.4
1550000 892.1
1555000 902.8
1560000 762.7
1565000 906.6
1570000 898.9
1575000 894.8
1580000 904.3
1585000 909.3
1590000 899.8
1595000 906.7
1600000 906.4
1605000 903.7
1610000 899.4
1615000 902.0
1620000 905.1
1625000 907.8
1630000 903.1
1635000 909.3
1640000 906.3
1645000 908.1
1650000 899.5
1655000 902.4
1660000 899.3
1665000 899.3
1670000 903.7
1675000 902.4
1680000 905.4
1685000 900.2
1690000 906.2
1695000 901.1
1700000 907.5
1705000 900.8
1710000 901.4
1715000 893.9
1720000 880.0
1725000 878.8
1730000 899.5
1735000 901.8
1740000 905.1
1745000 900.2
1750000 904.5
1755000 901.1
1760000 907.5
1765000 904.9
1770000 891.1
1775000 899.1
1780000 906.5
1785000 906.0
1790000 898.6
1795000 906.4
1800000 910.7
1805000 895.1
1810000 908.0
1815000 907.0
1820000 906.3
1825000 888.7
1830000 908.0
1835000 789.0
1840000 902.7
1845000 910.4
1850000 822.3
1855000 906.8
1860000 908.9
1865000 904.9
1870000 903.3
1875000 894.3
1880000 905.7
1885000 902.8
1890000 908.4
1895000 905.5
1900000 904.8
1905000 902.0
1910000 909.5
1915000 906.5
1920000 908.3
1925000 906.4
1930000 897.0
1935000 905.8
1940000 903.0
1945000 909.3
1950000 904.8
1955000 910.6
1960000 908.1
1965000 902.3
1970000 903.5
1975000 908.0
1980000 910.5
1985000 897.5
1990000 908.7
1995000 909.1
2000000 910.1
