5000 13.7
10000 14.9
15000 22.0
20000 30.1
25000 54.8
30000 51.3
35000 66.4
40000 49.3
45000 72.7
50000 73.8
55000 70.7
60000 94.6
65000 140.1
70000 99.7
75000 134.6
80000 207.9
85000 147.9
90000 292.8
95000 331.2
100000 333.4
105000 440.7
110000 479.0
115000 434.4
120000 478.8
125000 445.4
130000 533.0
135000 553.5
140000 481.2
145000 492.1
150000 483.7
155000 597.8
160000 549.3
165000 616.2
170000 581.8
175000 610.2
180000 611.6
185000 645.9
190000 614.0
195000 515.9
200000 666.7
205000 640.3
210000 622.8
215000 677.8
220000 620.5
225000 645.5
230000 680.7
235000 621.6
240000 649.6
245000 644.1
250000 700.0
255000 714.8
260000 601.2
265000 664.8
270000 667.5
275000 712.2
280000 684.2
285000 711.7
290000 726.1
295000 724.4
300000 734.1
305000 726.0
310000 743.8
315000 727.2
320000 729.1
325000 744.5
330000 723.4
335000 733.9
340000 738.9
345000 750.1
350000 752.4
355000 753.2
360000 750.7
365000 753.4
370000 762.7
375000 769.2
380000 696.4
385000 774.1
390000 784.3
395000 794.1
400000 782.1
405000 797.3
410000 776.5
415000 777.9
420000 782.6
425000 793.6
430000 735.4
435000 778.6
440000 785.0
445000 778.3
450000 798.4
455000 782.1
460000 782.7
465000 792.6
470000 803.9
475000 801.6
480000 799.6
485000 792.4
490000 814.1
495000 799.6
500000 806.5
505000 806.7
510000 821.8
515000 808.9
520000 805.9
525000 810.3
530000 814.6
535000 819.8
540000 793.9
545000 742.3
550000 823.1
555000 811.8
560000 788.4
565000 794.7
570000 803.8
575000 792.8
580000 748.5
585000 803.3
590000 821.1
595000 746.6
600000 830.9
605000 752.8
610000 807.4
615000 794.7
620000 805.4
625000 796.1
630000 835.8
635000 779.5
640000 832.4
645000 803.8
650000 833.7
655000 851.2
660000 828.1
665000 847.4
670000 830.1
675000 711.9
680000 828.4
685000 838.1
690000 799.1
695000 765.6
700000 775.3
705000 818.8
710000 838.8
715000 843.4
720000 830.2
725000 835.9
730000 833.9
735000 842.9
740000 850.2
745000 856.2
750000 766.1
755000 822.7
760000 802.8
765000 829.7
770000 857.4
775000 858.0
780000 856.1
785000 859.3
790000 854.8
795000 860.4
800000 855.9
805000 851.9
810000 821.4
815000 851.0
820000 834.2
825000 854.2
830000 859.8
835000 857.0
840000 851.0
845000 853.0
850000 847.2
855000 791.4
860000 868.9
865000 862.5
870000 855.2
875000 855.6
880000 852.8
885000 854.9
890000 856.7
895000 857.8
900000 868.6
905000 853.6
910000 821.5
915000 854.4
920000 866.5
925000 868.2
930000 871.3
935000 863.6
940000 865.4
945000 849.8
950000 871.9
955000 866.7
960000 864.4
965000 871.0
970000 873.7
975000 864.9
980000 876.6
985000 876.9
990000 872.8
995000 870.4
1000000 869.4
1005000 842.4
1010000 845.4
1015000 744.3
1020000 865.2
1025000 842.8
1030000 845.7
1035000 852.2
1040000 779.9
1045000 869.5
1050000 863.4
1055000 611.8
1060000 878.0
1065000 885.0
1070000 780.0
1075000 875.6
1080000 863.7
1085000 769.6
1090000 861.1
1095000 849.5
1100000 742.9
1105000 876.5
1110000 788.4
1115000 875.8
1120000 891.0
1125000 886.1
1130000 888.3
1135000 740.1
1140000 888.0
1145000 809.6
1150000 876.3
1155000 883.0
1160000 894.3
1165000 828.4
1170000 894.9
1175000 886.7
1180000 813.2
1185000 735.7
1190000 821.7
1195000 891.6
1200000 778.5
1205000 792.0
1210000 895.7
1215000 886.2
1220000 876.8
1225000 895.2
1230000 894.3
1235000 842.5
1240000 898.2
1245000 827.2
1250000 812.9
1255000 809.7
1260000 717.7
1265000 895.9
1270000 891.9
1275000 817.6
1280000 847.2
1285000 885.7
1290000 897.6
1295000 898.8
1300000 897.2
1305000 895.9
1310000 900.2
1315000 895.8
1320000 903.2
1325000 899.8
1330000 902.4
1335000 754.4
1340000 811.4
1345000 895.8
1350000 896.1
1355000 894.7
1360000 903.0
1365000 899.7
1370000 902.5
1375000 892.5
1380000 899.3
1385000 899.5
1390000 900.6
1395000 898.6
1400000 901.7
1405000 892.6
1410000 898.7
1415000 898.9
1420000 901.4
1425000 901.0
1430000 900.7
1435000 900.6
1440000 897.8
1445000 896.2
1450000 820.0
1455000 804.7
1460000 824.1
1465000 603.0
1470000 896.8
1475000 814.1
1480000 731.5
1485000 561.2
1490000 875.1
1495000 807.6
1500000 896.4
1505000 891.5
1510000 885.5
1515000 896.6
1520000 891.3
1525000 897.5
1530000 896.2
1535000 897.9
1540000 898.8
1545000 902.9
1550000 900.1
1555000 900.4
1560000 902.5
1565000 896.6
1570000 898.6
1575000 896.1
1580000 902.1
1585000 900.0
1590000 900.0
1595000 900.5
1600000 899.4
1605000 900.1
1610000 904.7
1615000 899.3
1620000 834.6
1625000 836.4
1630000 827.7
1635000 900.5
1640000 904.2
1645000 905.2
1650000 835.9
1655000 837.9
1660000 901.8
1665000 829.5
1670000 904.4
1675000 901.4
1680000 861.3
1685000 907.3
1690000 898.4
1695000 900.0
1700000 903.7
1705000 905.5
1710000 903.3
1715000 906.5
1720000 903.2
1725000 907.1
1730000 903.3
1735000 845.6
1740000 897.9
1745000 895.2
1750000 907.9
1755000 900.7
1760000 903.7
1765000 904.3
1770000 888.2
1775000 903.1
1780000 904.0
1785000 901.9
1790000 904.5
1795000 900.2
1800000 895.6
1805000 812.3
1810000 903.2
1815000 899.9
1820000 893.2
1825000 899.9
1830000 898.1
1835000 833.3
1840000 904.2
1845000 760.8
1850000 905.3
1855000 906.4
1860000 903.8
1865000 908.6
1870000 901.0
1875000 907.2
1880000 909.1
1885000 910.2
1890000 893.0
1895000 905.4
1900000 909.1
1905000 905.3
1910000 909.9
1915000 895.9
1920000 890.4
1925000 905.9
1930000 905.5
1935000 901.4
1940000 898.4
1945000 901.3
1950000 903.4
1955000 899.1
1960000 905.4
1965000 908.5
1970000 905.5
1975000 832.5
1980000 898.2
1985000 907.3
1990000 903.4
1995000 905.4
2000000 906.4
