5000 0.4
10000 138.8
15000 2.0
20000 1.8
25000 56.2
30000 27.3
35000 67.5
40000 104.9
45000 123.0
50000 53.7
55000 80.4
60000 116.3
65000 60.0
70000 83.9
75000 117.2
80000 188.6
85000 175.1
90000 157.5
95000 275.8
100000 249.4
105000 197.3
110000 364.5
115000 290.2
120000 344.8
125000 233.0
130000 229.3
135000 417.1
140000 505.9
145000 437.5
150000 269.8
155000 442.6
160000 373.2
165000 462.6
170000 532.0
175000 503.4
180000 251.6
185000 467.7
190000 528.0
195000 392.6
200000 525.8
205000 567.8
210000 545.0
215000 594.2
220000 570.7
225000 616.2
230000 590.8
235000 595.5
240000 615.9
245000 606.0
250000 621.0
255000 595.0
260000 601.2
265000 623.3
270000 641.7
275000 634.9
280000 590.7
285000 649.4
290000 652.9
295000 676.7
300000 617.0
305000 662.7
310000 683.6
315000 688.9
320000 615.1
325000 684.7
330000 714.9
335000 706.8
340000 711.6
345000 480.0
350000 493.3
355000 711.3
360000 655.2
365000 709.8
370000 571.8
375000 708.0
380000 700.4
385000 721.5
390000 715.7
395000 720.7
400000 711.3
405000 753.0
410000 719.6
415000 741.7
420000 738.7
425000 763.7
430000 713.2
435000 652.5
440000 758.6
445000 736.7
450000 741.4
455000 743.9
460000 755.6
465000 757.5
470000 754.5
475000 779.9
480000 755.5
485000 730.8
490000 747.4
495000 750.3
500000 710.3
505000 750.5
510000 715.4
515000 766.1
520000 792.0
525000 796.6
530000 745.3
535000 809.9
540000 766.7
545000 778.5
550000 780.9
555000 776.6
560000 764.7
565000 799.7
570000 750.2
575000 784.3
580000 780.8
585000 796.9
590000 782.1
595000 784.0
600000 791.2
605000 772.0
610000 786.3
615000 789.0
620000 822.3
625000 793.5
630000 782.0
635000 805.7
640000 813.3
645000 803.3
650000 752.8
655000 779.4
660000 792.4
665000 779.0
670000 816.4
675000 801.9
680000 808.2
685000 795.4
690000 804.2
695000 817.5
700000 824.6
705000 770.7
710000 814.8
715000 731.7
720000 812.8
725000 800.3
730000 824.2
735000 795.8
740000 818.6
745000 822.1
750000 799.6
755000 842.8
760000 813.2
765000 837.5
770000 810.2
775000 802.5
780000 809.9
785000 832.1
790000 830.2
795000 838.6
800000 820.3
805000 831.4
810000 853.2
815000 791.3
820000 790.4
825000 828.1
830000 840.7
835000 784.0
840000 837.4
845000 831.2
850000 795.9
855000 836.3
860000 843.7
865000 817.9
870000 759.2
875000 841.6
880000 846.9
885000 821.9
890000 847.9
895000 850.1
900000 848.0
905000 824.0
910000 858.4
915000 835.3
920000 846.2
925000 843.4
930000 840.5
935000 802.3
940000 853.4
945000 849.7
950000 857.5
955000 853.3
960000 848.5
965000 847.8
970000 859.8
975000 860.3
980000 857.7
985000 822.9
990000 857.5
995000 840.4
1000000 844.3
1005000 841.1
1010000 820.1
1015000 846.2
1020000 841.6
1025000 841.7
1030000 844.3
1035000 834.8
1040000 644.6
1045000 789.7
1050000 846.4
1055000 853.0
1060000 768.5
1065000 818.9
1070000 812.0
1075000 766.9
1080000 839.2
1085000 848.0
1090000 849.0
1095000 759.3
1100000 864.0
1105000 621.7
1110000 862.2
1115000 867.4
1120000 869.6
1125000 876.3
1130000 866.5
1135000 871.9
1140000 871.4
1145000 862.3
1150000 864.9
1155000 868.4
1160000 867.6
1165000 873.7
1170000 879.9
1175000 877.4
1180000 880.9
1185000 880.8
1190000 872.3
1195000 624.7
1200000 886.1
1205000 861.7
1210000 871.4
1215000 866.4
1220000 878.0
1225000 798.1
1230000 877.0
1235000 878.3
1240000 878.9
1245000 883.0
1250000 888.4
1255000 889.5
1260000 883.9
1265000 881.8
1270000 868.8
1275000 887.3
1280000 878.4
1285000 820.2
1290000 885.5
1295000 885.4
1300000 890.8
1305000 890.4
1310000 885.2
1315000 841.8
1320000 890.9
1325000 878.8
1330000 894.3
1335000 890.4
1340000 891.6
1345000 886.8
1350000 893.1
1355000 804.6
1360000 886.2
1365000 894.3
1370000 887.1
1375000 891.1
1380000 894.7
1385000 890.7
1390000 872.5
1395000 894.9
1400000 892.0
1405000 893.9
1410000 817.6
1415000 888.6
1420000 890.6
1425000 869.2
1430000 893.8
1435000 895.7
1440000 892.3
1445000 895.9
1450000 678.2
1455000 891.1
1460000 895.0
1465000 895.3
1470000 889.1
1475000 895.6
1480000 885.5
1485000 883.9
1490000 895.6
1495000 894.2
1500000 891.5
1505000 893.9
1510000 896.3
1515000 897.8
1520000 888.7
1525000 802.6
1530000 894.1
1535000 894.4
1540000 896.2
1545000 890.3
1550000 893.9
1555000 889.1
1560000 897.7
1565000 893.6
1570000 898.3
1575000 856.1
1580000 892.2
1585000 889.4
1590000 891.7
1595000 888.9
1600000 891.3
1605000 894.1
1610000 893.9
1615000 886.7
1620000 887.5
1625000 893.3
1630000 884.4
1635000 892.4
1640000 893.1
1645000 893.7
1650000 896.0
1655000 895.2
1660000 896.3
1665000 892.6
1670000 895.8
1675000 896.0
1680000 896.7
1685000 780.3
1690000 895.6
1695000 895.2
1700000 896.4
1705000 895.0
1710000 897.7
1715000 894.3
1720000 897.5
1725000 899.2
1730000 887.2
1735000 893.6
1740000 881.6
1745000 895.2
1750000 894.2
1755000 896.3
1760000 890.8
1765000 897.0
1770000 891.3
1775000 895.2
1780000 889.9
1785000 897.6
1790000 893.9
1795000 895.4
1800000 897.0
1805000 894.6
1810000 898.9
1815000 898.7
1820000 897.3
1825000 892.9
1830000 897.0
1835000 898.0
1840000 894.5
1845000 894.8
1850000 898.5
1855000 889.0
1860000 899.6
1865000 890.9
1870000 898.6
1875000 882.4
1880000 896.9
1885000 900.5
1890000 893.1
1895000 898.8
1900000 899.8
1905000 894.6
1910000 863.4
1915000 901.1
1920000 892.7
1925000 897.9
1930000 897.0
1935000 898.7
1940000 895.9
1945000 900.1
1950000 897.3
1955000 899.8
1960000 896.2
1965000 897.0
1970000 899.9
1975000 899.2
1980000 897.3
1985000 899.9
1990000 899.3
1995000 901.5
2000000 899.9
