5000 17.8
10000 1.7
15000 2.5
20000 2.8
25000 44.2
30000 28.9
35000 43.5
40000 70.0
45000 54.9
50000 77.3
55000 142.4
60000 214.4
65000 155.2
70000 225.8
75000 281.9
80000 254.7
85000 316.9
90000 326.1
95000 333.2
100000 345.3
105000 360.9
110000 399.2
115000 405.5
120000 394.7
125000 406.3
130000 417.1
135000 411.0
140000 426.0
145000 432.6
150000 421.9
155000 436.2
160000 432.0
165000 447.9
170000 448.6
175000 443.2
180000 453.4
185000 443.1
190000 447.9
195000 455.9
200000 457.6
205000 448.4
210000 432.2
215000 454.0
220000 458.9
225000 460.0
230000 467.4
235000 466.8
240000 463.1
245000 468.3
250000 474.6
255000 467.2
260000 471.4
265000 483.6
270000 485.3
275000 460.9
280000 478.2
285000 473.5
290000 478.0
295000 481.4
300000 483.4
305000 484.1
310000 486.2
315000 487.0
320000 486.7
325000 483.1
330000 485.0
335000 489.4
340000 476.9
345000 478.3
350000 495.5
355000 493.3
360000 484.2
365000 495.5
370000 495.7
375000 492.0
380000 495.2
385000 485.2
390000 497.8
395000 493.0
400000 503.1
405000 497.5
410000 484.0
415000 504.7
420000 504.5
425000 509.1
430000 498.3
435000 507.7
440000 511.9
445000 514.9
450000 493.9
455000 511.9
460000 495.5
465000 512.6
470000 510.8
475000 506.7
480000 507.2
485000 510.5
490000 501.3
495000 517.0
500000 520.8
505000 516.0
510000 509.3
515000 517.9
520000 518.9
525000 519.8
530000 523.5
535000 526.5
540000 520.6
545000 508.5
550000 511.2
555000 516.0
560000 523.3
565000 522.4
570000 512.6
575000 520.9
580000 524.7
585000 522.7
590000 530.2
595000 519.1
600000 519.8
605000 523.0
610000 523.3
615000 530.9
620000 527.2
625000 519.7
630000 520.3
635000 529.1
640000 526.4
645000 531.2
650000 520.3
655000 537.1
660000 529.0
665000 527.8
670000 529.5
675000 528.0
680000 532.0
685000 529.7
690000 532.0
695000 533.1
700000 534.8
705000 531.4
710000 528.4
715000 528.8
720000 537.4
725000 529.9
730000 530.8
735000 534.5
740000 537.4
745000 528.1
750000 544.1
755000 533.7
760000 531.4
765000 546.8
770000 539.7
775000 531.8
780000 539.0
785000 548.3
790000 539.1
795000 542.3
800000 540.9
805000 551.2
810000 539.4
815000 546.4
820000 550.8
825000 549.7
830000 546.9
835000 541.1
840000 548.7
845000 553.3
850000 547.6
855000 556.8
860000 559.0
865000 559.5
870000 549.6
875000 549.6
880000 559.7
885000 557.1
890000 549.4
895000 560.4
900000 565.6
905000 561.3
910000 560.0
915000 560.0
920000 558.9
925000 560.6
930000 568.2
935000 569.0
940000 560.6
945000 560.1
950000 559.9
955000 565.7
960000 569.2
965000 567.9
970000 564.0
975000 570.1
980000 575.5
985000 576.0
990000 573.9
995000 573.4
1000000 566.4
1005000 524.0
1010000 529.3
1015000 537.5
1020000 536.8
1025000 445.9
1030000 525.2
1035000 500.9
1040000 526.1
1045000 514.7
1050000 532.3
1055000 427.1
1060000 493.7
1065000 424.2
1070000 557.0
1075000 399.1
1080000 517.1
1085000 477.2
1090000 549.1
1095000 575.0
1100000 524.2
1105000 579.7
1110000 565.1
1115000 527.1
1120000 564.3
1125000 570.8
1130000 549.7
1135000 563.1
1140000 573.9
1145000 589.3
1150000 527.0
1155000 580.5
1160000 571.4
1165000 537.3
1170000 585.1
1175000 575.0
1180000 571.0
1185000 579.7
1190000 584.5
1195000 589.6
1200000 587.9
1205000 589.8
1210000 580.8
1215000 582.2
1220000 591.7
1225000 584.4
1230000 591.8
1235000 586.1
1240000 588.3
1245000 589.4
1250000 583.8
1255000 601.4
1260000 600.9
1265000 593.2
1270000 597.5
1275000 601.0
1280000 593.4
1285000 594.9
1290000 586.9
1295000 587.6
1300000 610.4
1305000 602.3
1310000 600.7
1315000 600.0
1320000 604.0
1325000 614.6
1330000 616.2
1335000 603.4
1340000 617.4
1345000 607.4
1350000 596.7
1355000 599.8
1360000 595.1
1365000 614.8
1370000 629.4
1375000 625.8
1380000 617.5
1385000 614.3
1390000 618.0
1395000 616.5
1400000 620.4
1405000 604.9
1410000 625.1
1415000 622.9
1420000 618.0
1425000 581.8
1430000 623.0
1435000 626.2
1440000 620.0
1445000 620.1
1450000 606.1
1455000 609.9
1460000 627.3
1465000 629.4
1470000 622.8
1475000 623.6
1480000 600.9
1485000 623.2
1490000 629.1
1495000 631.0
1500000 622.5
1505000 624.7
1510000 624.0
1515000 625.8
1520000 611.3
1525000 621.8
1530000 622.9
1535000 544.7
1540000 614.2
1545000 622.0
1550000 624.7
1555000 615.8
1560000 608.4
1565000 609.4
1570000 623.3
1575000 620.5
1580000 637.5
1585000 605.9
1590000 613.1
1595000 632.3
1600000 607.7
1605000 628.3
1610000 622.4
1615000 638.2
1620000 626.0
1625000 625.4
1630000 639.1
1635000 634.4
1640000 632.8
1645000 624.2
1650000 639.7
1655000 637.7
1660000 630.5
1665000 635.0
1670000 633.0
1675000 634.2
1680000 637.3
1685000 633.3
1690000 635.4
1695000 643.0
1700000 641.0
1705000 621.4
1710000 634.6
1715000 628.6
1720000 630.0
1725000 637.3
1730000 647.9
1735000 627.1
1740000 643.4
1745000 660.2
1750000 640.8
1755000 633.6
1760000 641.3
1765000 636.6
1770000 644.2
1775000 650.6
1780000 657.9
1785000 644.1
1790000 649.6
1795000 651.5
1800000 651.6
1805000 641.1
1810000 646.6
1815000 647.1
1820000 648.0
1825000 649.7
1830000 634.8
1835000 649.8
1840000 639.7
1845000 648.3
1850000 662.4
1855000 647.0
1860000 633.4
1865000 657.4
1870000 639.1
1875000 653.6
1880000 654.0
1885000 644.2
1890000 663.0
1895000 583.0
1900000 639.1
1905000 659.7
1910000 660.4
1915000 636.7
1920000 643.3
1925000 602.6
1930000 648.6
1935000 648.0
1940000 611.9
1945000 655.0
1950000 599.4
1955000 643.5
1960000 652.3
1965000 653.9
1970000 651.5
1975000 655.6
1980000 650.7
1985000 657.6
1990000 654.4
1995000 661.3
2000000 658.9
