5000 8.3
10000 47.5
15000 39.6
20000 3.6
25000 2.6
30000 77.5
35000 57.4
40000 60.7
45000 100.2
50000 75.8
55000 87.0
60000 161.5
65000 249.0
70000 180.2
75000 153.5
80000 235.3
85000 312.6
90000 299.5
95000 196.7
100000 183.7
105000 278.0
110000 312.7
115000 326.8
120000 284.9
125000 283.2
130000 297.9
135000 379.8
140000 303.5
145000 217.8
150000 324.6
155000 450.2
160000 335.1
165000 365.1
170000 490.2
175000 505.5
180000 536.5
185000 364.9
190000 428.8
195000 587.3
200000 447.1
205000 578.8
210000 479.5
215000 340.4
220000 596.4
225000 580.4
230000 643.5
235000 633.6
240000 639.4
245000 672.5
250000 660.5
255000 698.1
260000 648.4
265000 631.7
270000 465.0
275000 656.3
280000 711.8
285000 659.2
290000 736.7
295000 738.2
300000 730.3
305000 732.8
310000 698.7
315000 724.1
320000 741.0
325000 750.5
330000 724.9
335000 630.3
340000 758.4
345000 699.9
350000 689.8
355000 728.5
360000 756.6
365000 765.5
370000 761.8
375000 755.6
380000 749.6
385000 747.5
390000 753.2
395000 746.0
400000 746.9
405000 755.5
410000 729.3
415000 772.5
420000 765.6
425000 783.1
430000 771.0
435000 727.5
440000 758.6
445000 765.0
450000 733.9
455000 709.3
460000 795.2
465000 779.4
470000 751.4
475000 788.2
480000 763.7
485000 747.1
490000 767.7
495000 757.4
500000 778.9
505000 787.8
510000 774.3
515000 791.2
520000 777.3
525000 779.4
530000 790.8
535000 792.5
540000 778.3
545000 796.2
550000 773.9
555000 792.6
560000 777.9
565000 783.7
570000 787.4
575000 774.3
580000 779.6
585000 751.2
590000 750.7
595000 804.0
600000 808.7
605000 806.3
610000 801.8
615000 806.8
620000 788.4
625000 783.5
630000 789.9
635000 800.1
640000 807.2
645000 798.9
650000 780.5
655000 801.2
660000 779.5
665000 779.5
670000 812.6
675000 809.2
680000 796.4
685000 788.5
690000 810.8
695000 804.8
700000 802.8
705000 819.7
710000 805.2
715000 786.5
720000 802.5
725000 789.4
730000 768.5
735000 824.3
740000 802.9
745000 793.0
750000 829.3
755000 810.3
760000 801.7
765000 808.0
770000 822.9
775000 794.1
780000 823.0
785000 789.3
790000 830.4
795000 828.7
800000 807.8
805000 810.7
810000 819.3
815000 818.2
820000 813.8
825000 784.1
830000 809.8
835000 787.7
840000 780.6
845000 814.4
850000 771.9
855000 816.7
860000 826.3
865000 822.3
870000 825.1
875000 810.4
880000 801.3
885000 831.2
890000 805.5
895000 813.3
900000 820.3
905000 828.1
910000 827.8
915000 807.7
920000 782.1
925000 832.9
930000 828.3
935000 842.1
940000 788.4
945000 812.3
950000 821.8
955000 791.0
960000 822.5
965000 833.0
970000 816.9
975000 793.2
980000 809.4
985000 826.4
990000 851.5
995000 800.5
1000000 840.8
1005000 802.6
1010000 829.0
1015000 840.9
1020000 812.1
1025000 860.6
1030000 848.9
1035000 839.1
1040000 769.9
1045000 798.1
1050000 846.9
1055000 840.4
1060000 847.4
1065000 835.8
1070000 854.2
1075000 870.0
1080000 865.7
1085000 0.1
1090000 849.7
1095000 623.3
1100000 853.0
1105000 854.3
1110000 784.7
1115000 836.6
1120000 850.8
1125000 870.1
1130000 871.9
1135000 720.9
1140000 857.4
1145000 878.5
1150000 878.1
1155000 863.8
1160000 884.3
1165000 669.3
1170000 871.1
1175000 794.2
1180000 758.1
1185000 754.7
1190000 840.1
1195000 829.7
1200000 780.2
1205000 795.6
1210000 844.0
1215000 868.9
1220000 882.2
1225000 877.8
1230000 873.3
1235000 822.9
1240000 866.9
1245000 860.1
1250000 841.3
1255000 878.8
1260000 866.5
1265000 790.3
1270000 869.6
1275000 830.9
1280000 824.7
1285000 755.8
1290000 835.2
1295000 865.9
1300000 880.3
1305000 871.6
1310000 871.8
1315000 855.7
1320000 869.4
1325000 853.5
1330000 872.9
1335000 866.0
1340000 869.5
1345000 829.5
1350000 873.5
1355000 883.3
1360000 869.3
1365000 876.4
1370000 853.9
1375000 882.2
1380000 880.6
1385000 874.9
1390000 868.7
1395000 877.3
1400000 878.5
1405000 773.0
1410000 882.1
1415000 872.6
1420000 877.1
1425000 882.8
1430000 878.8
1435000 889.0
1440000 852.1
1445000 882.0
1450000 878.7
1455000 882.2
1460000 873.2
1465000 891.9
1470000 863.7
1475000 884.3
1480000 864.7
1485000 887.8
1490000 886.2
1495000 889.2
1500000 884.2
1505000 888.1
1510000 886.1
1515000 889.1
1520000 884.7
1525000 870.2
1530000 882.0
1535000 886.9
1540000 879.5
1545000 873.1
1550000 889.3
1555000 877.0
1560000 885.8
1565000 854.2
1570000 893.2
1575000 797.6
1580000 887.9
1585000 892.0
1590000 884.3
1595000 888.0
1600000 873.3
1605000 880.7
1610000 889.1
1615000 896.9
1620000 886.6
1625000 878.0
1630000 882.7
1635000 889.8
1640000 898.1
1645000 890.9
1650000 893.1
1655000 890.7
1660000 882.5
1665000 890.6
1670000 895.6
1675000 893.4
1680000 888.9
1685000 873.9
1690000 895.8
1695000 889.5
1700000 896.6
1705000 895.4
1710000 888.6
1715000 891.6
1720000 894.8
1725000 897.1
1730000 882.7
1735000 864.7
1740000 898.0
1745000 891.4
1750000 893.2
1755000 894.5
1760000 827.7
1765000 897.3
1770000 893.9
1775000 850.8
1780000 895.4
1785000 896.5
1790000 895.5
1795000 902.4
1800000 898.4
1805000 901.9
1810000 880.9
1815000 895.6
1820000 895.2
1825000 895.8
1830000 896.0
1835000 893.7
1840000 897.3
1845000 894.9
1850000 900.8
1855000 898.8
1860000 896.8
1865000 896.9
1870000 901.7
1875000 898.2
1880000 862.0
1885000 898.9
1890000 899.6
1895000 900.3
1900000 896.8
1905000 899.0
1910000 900.5
1915000 899.1
1920000 902.9
1925000 894.8
1930000 888.7
1935000 902.2
1940000 905.8
1945000 900.1
1950000 900.0
1955000 900.5
1960000 899.0
1965000 903.9
1970000 903.0
1975000 899.4
1980000 900.4
1985000 893.0
1990000 904.9
1995000 899.1
2000000 880.9
