5000 18.6
10000 19.5
15000 5.8
20000 68.3
25000 0.7
30000 59.2
35000 54.1
40000 57.5
45000 62.4
50000 62.7
55000 122.9
60000 97.6
65000 84.2
70000 130.0
75000 149.5
80000 157.6
85000 179.7
90000 281.4
95000 268.7
100000 307.2
105000 335.6
110000 504.0
115000 411.9
120000 532.5
125000 474.4
130000 610.4
135000 600.8
140000 608.4
145000 615.1
150000 615.8
155000 639.1
160000 619.8
165000 606.8
170000 645.4
175000 647.7
180000 668.2
185000 671.8
190000 685.5
195000 720.0
200000 696.6
205000 713.6
210000 700.9
215000 683.7
220000 732.0
225000 753.8
230000 750.4
235000 780.6
240000 781.7
245000 754.0
250000 759.5
255000 764.0
260000 744.1
265000 753.6
270000 771.3
275000 776.2
280000 756.0
285000 785.7
290000 764.4
295000 787.4
300000 791.5
305000 775.1
310000 797.4
315000 768.6
320000 797.8
325000 813.5
330000 789.1
335000 807.0
340000 793.9
345000 814.1
350000 832.4
355000 831.0
360000 811.8
365000 806.2
370000 847.4
375000 807.3
380000 838.0
385000 844.6
390000 839.0
395000 839.7
400000 821.0
405000 826.9
410000 820.4
415000 844.0
420000 835.2
425000 842.0
430000 844.6
435000 799.3
440000 826.8
445000 832.1
450000 830.6
455000 841.8
460000 838.2
465000 840.3
470000 848.8
475000 824.3
480000 760.4
485000 850.1
490000 845.6
495000 858.9
500000 738.9
505000 861.1
510000 867.7
515000 871.7
520000 853.9
525000 874.8
530000 851.0
535000 876.5
540000 870.2
545000 883.6
550000 871.5
555000 872.3
560000 872.4
565000 867.6
570000 879.3
575000 876.3
580000 867.6
585000 887.0
590000 880.5
595000 880.4
600000 845.0
605000 880.1
610000 886.7
615000 834.5
620000 884.6
625000 892.6
630000 888.8
635000 837.3
640000 883.0
645000 888.5
650000 888.4
655000 861.3
660000 881.7
665000 891.9
670000 891.3
675000 885.9
680000 890.1
685000 893.3
690000 881.7
695000 871.1
700000 863.3
705000 891.7
710000 886.7
715000 883.4
720000 887.3
725000 884.2
730000 885.4
735000 895.1
740000 888.1
745000 891.0
750000 884.8
755000 892.1
760000 883.8
765000 894.5
770000 898.6
775000 890.2
780000 877.4
785000 894.5
790000 881.9
795000 894.4
800000 895.7
805000 895.1
810000 887.3
815000 892.2
820000 890.7
825000 896.0
830000 897.3
835000 871.6
840000 892.8
845000 889.0
850000 899.3
855000 892.8
860000 817.0
865000 878.2
870000 896.9
875000 888.0
880000 893.4
885000 884.8
890000 893.3
895000 898.7
900000 896.9
905000 879.8
910000 894.6
915000 882.2
920000 859.6
925000 886.3
930000 894.5
935000 894.6
940000 861.2
945000 875.7
950000 892.2
955000 893.7
960000 896.4
965000 892.7
970000 900.2
975000 890.3
980000 896.3
985000 894.5
990000 896.9
995000 890.7
1000000 896.5
1005000 889.1
1010000 869.9
1015000 662.9
1020000 800.6
1025000 865.2
1030000 826.2
1035000 627.1
1040000 888.3
1045000 715.5
1050000 889.2
1055000 791.6
1060000 891.5
1065000 787.2
1070000 726.8
1075000 596.5
1080000 832.1
1085000 517.7
1090000 856.9
1095000 734.2
1100000 898.8
1105000 731.1
1110000 895.2
1115000 885.0
1120000 897.5
1125000 898.8
1130000 886.8
1135000 896.4
1140000 901.5
1145000 897.6
1150000 901.8
1155000 892.7
1160000 780.5
1165000 737.9
1170000 669.6
1175000 900.8
1180000 880.5
1185000 821.6
1190000 899.1
1195000 884.9
1200000 899.2
1205000 894.6
1210000 817.0
1215000 778.3
1220000 882.5
1225000 888.9
1230000 783.8
1235000 650.7
1240000 810.9
1245000 885.6
1250000 889.1
1255000 899.5
1260000 665.4
1265000 882.9
1270000 866.5
1275000 890.2
1280000 900.8
1285000 890.6
1290000 897.2
1295000 819.3
1300000 895.0
1305000 901.0
1310000 901.0
1315000 902.0
1320000 900.0
1325000 884.0
1330000 901.1
1335000 796.6
1340000 900.2
1345000 884.6
1350000 894.4
1355000 805.3
1360000 900.4
1365000 886.3
1370000 903.0
1375000 888.1
1380000 900.5
1385000 864.2
1390000 893.5
1395000 903.4
1400000 895.4
1405000 808.8
1410000 845.4
1415000 900.9
1420000 729.4
1425000 902.8
1430000 903.9
1435000 904.1
1440000 904.6
1445000 907.2
1450000 910.3
1455000 903.5
1460000 907.7
1465000 875.4
1470000 907.1
1475000 904.5
1480000 909.8
1485000 902.6
1490000 901.4
1495000 905.4
1500000 908.1
1505000 910.0
1510000 907.9
1515000 909.6
1520000 905.2
1525000 846.1
1530000 729.4
1535000 906.3
1540000 572.8
1545000 903.7
1550000 907.3
1555000 907.7
1560000 906.5
1565000 911.4
1570000 905.1
1575000 600.5
1580000 908.0
1585000 909.2
1590000 909.6
1595000 909.4
1600000 908.5
1605000 906.5
1610000 910.4
1615000 907.2
1620000 911.9
1625000 904.9
1630000 890.7
1635000 907.8
1640000 902.9
1645000 908.8
1650000 906.6
1655000 907.2
1660000 906.7
1665000 903.6
1670000 904.4
1675000 906.6
1680000 906.6
1685000 912.0
1690000 911.0
1695000 910.6
1700000 902.1
1705000 909.5
1710000 893.2
1715000 902.8
1720000 910.1
1725000 909.3
1730000 911.5
1735000 908.0
1740000 909.3
1745000 897.3
1750000 909.0
1755000 907.0
1760000 832.7
1765000 914.9
1770000 908.5
1775000 910.7
1780000 901.8
1785000 910.4
1790000 908.8
1795000 911.6
1800000 910.3
1805000 909.9
1810000 909.7
1815000 908.1
1820000 906.8
1825000 912.3
1830000 910.8
1835000 913.8
1840000 911.6
1845000 913.1
1850000 912.2
1855000 838.7
1860000 842.9
1865000 911.0
1870000 905.2
1875000 909.5
1880000 789.3
1885000 905.9
1890000 908.3
1895000 908.4
1900000 915.1
1905000 914.0
1910000 778.8
1915000 836.5
1920000 898.3
1925000 911.7
1930000 906.2
1935000 913.5
1940000 852.0
1945000 912.4
1950000 914.1
1955000 828.3
1960000 894.5
1965000 911.2
1970000 912.0
1975000 913.5
1980000 886.5
1985000 913.4
1990000 914.2
1995000 913.7
2000000 911.4
