5000 0.0
10000 0.3
15000 0.0
20000 0.0
25000 0.0
30000 0.1
35000 0.0
40000 0.1
45000 0.7
50000 0.4
55000 0.0
60000 0.9
65000 0.0
70000 0.0
75000 0.0
80000 0.0
85000 0.2
90000 0.0
95000 0.0
100000 0.0
105000 0.6
110000 0.0
115000 1.0
120000 0.2
125000 0.1
130000 0.4
135000 0.5
140000 0.1
145000 0.1
150000 0.0
155000 1.0
160000 0.3
165000 2.2
170000 0.0
175000 4.1
180000 2.1
185000 12.8
190000 8.5
195000 17.9
200000 1.7
205000 7.0
210000 30.4
215000 44.3
220000 21.5
225000 43.4
230000 18.1
235000 38.9
240000 26.4
245000 51.2
250000 18.5
255000 41.5
260000 47.9
265000 49.7
270000 17.8
275000 59.8
280000 31.4
285000 49.3
290000 71.6
295000 20.4
300000 62.2
305000 44.1
310000 45.2
315000 64.6
320000 45.2
325000 22.3
330000 10.8
335000 66.7
340000 44.8
345000 58.5
350000 23.7
355000 24.8
360000 58.6
365000 24.4
370000 37.1
375000 69.2
380000 34.1
385000 72.1
390000 65.0
395000 49.4
400000 63.9
405000 59.7
410000 34.0
415000 60.4
420000 52.4
425000 75.7
430000 38.4
435000 26.4
440000 42.9
445000 50.9
450000 55.8
455000 39.4
460000 98.9
465000 84.2
470000 63.0
475000 28.2
480000 70.4
485000 55.1
490000 45.0
495000 58.7
500000 92.3
505000 75.3
510000 27.6
515000 80.9
520000 81.4
525000 92.9
530000 13.8
535000 63.9
540000 82.8
545000 67.3
550000 97.7
555000 51.4
560000 48.1
565000 70.4
570000 69.9
575000 53.2
580000 106.5
585000 52.4
590000 51.4
595000 54.7
600000 129.7
605000 111.2
610000 103.7
615000 53.8
620000 56.1
625000 150.4
630000 92.4
635000 77.4
640000 55.7
645000 91.8
650000 74.5
655000 54.0
660000 72.9
665000 94.7
670000 91.4
675000 56.6
680000 76.5
685000 113.0
690000 92.7
695000 56.7
700000 94.5
705000 114.1
710000 37.8
715000 115.6
720000 113.3
725000 94.9
730000 94.6
735000 76.9
740000 75.9
745000 55.1
750000 131.5
755000 93.6
760000 97.7
765000 115.5
770000 115.5
775000 118.0
780000 91.2
785000 76.5
790000 95.5
795000 113.4
800000 116.1
805000 97.5
810000 75.5
815000 77.9
820000 76.9
825000 59.3
830000 116.0
835000 113.2
840000 117.1
845000 38.3
850000 116.2
855000 76.0
860000 115.7
865000 115.8
870000 57.1
875000 113.8
880000 95.1
885000 98.7
890000 115.9
895000 137.5
900000 117.8
905000 37.6
910000 120.1
915000 135.1
920000 97.1
925000 116.9
930000 77.3
935000 77.6
940000 98.4
945000 75.7
950000 111.4
955000 75.3
960000 94.9
965000 95.9
970000 117.1
975000 98.7
980000 100.1
985000 155.0
990000 98.2
995000 57.9
1000000 93.2
1005000 57.3
1010000 117.4
1015000 55.2
1020000 97.2
1025000 134.5
1030000 68.1
1035000 133.7
1040000 65.8
1045000 135.0
1050000 79.8
1055000 78.7
1060000 119.3
1065000 79.6
1070000 122.5
1075000 98.7
1080000 119.9
1085000 120.1
1090000 102.7
1095000 81.7
1100000 79.7
1105000 138.7
1110000 96.7
1115000 117.5
1120000 81.6
1125000 102.5
1130000 81.1
1135000 98.8
1140000 139.3
1145000 82.3
1150000 77.6
1155000 175.7
1160000 82.4
1165000 84.3
1170000 41.1
1175000 83.1
1180000 126.3
1185000 80.4
1190000 82.9
1195000 86.7
1200000 98.3
1205000 113.0
1210000 63.8
1215000 146.4
1220000 101.3
1225000 77.7
1230000 162.6
1235000 148.1
1240000 103.1
1245000 149.9
1250000 176.8
1255000 124.5
1260000 127.1
1265000 77.8
1270000 105.8
1275000 82.7
1280000 96.3
1285000 103.0
1290000 118.9
1295000 105.1
1300000 148.5
1305000 166.2
1310000 107.3
1315000 111.6
1320000 84.4
1325000 140.3
1330000 175.2
1335000 103.8
1340000 163.7
1345000 180.5
1350000 186.5
1355000 167.9
1360000 22.1
1365000 141.4
1370000 165.7
1375000 60.3
1380000 141.7
1385000 141.8
1390000 166.7
1395000 63.1
1400000 177.1
1405000 138.1
1410000 172.5
1415000 138.3
1420000 125.2
1425000 127.9
1430000 126.4
1435000 149.4
1440000 171.0
1445000 182.8
1450000 176.7
1455000 157.1
1460000 186.4
1465000 184.3
1470000 174.6
1475000 206.9
1480000 207.5
1485000 167.7
1490000 191.2
1495000 194.6
1500000 214.2
1505000 207.9
1510000 210.6
1515000 208.8
1520000 192.1
1525000 186.4
1530000 186.4
1535000 199.0
1540000 205.3
1545000 212.5
1550000 208.2
1555000 171.9
1560000 206.9
1565000 196.3
1570000 205.8
1575000 198.5
1580000 201.9
1585000 194.7
1590000 176.3
1595000 187.5
1600000 210.5
1605000 184.4
1610000 207.3
1615000 203.2
1620000 209.0
1625000 209.2
1630000 203.4
1635000 187.7
1640000 197.9
1645000 209.4
1650000 208.7
1655000 200.5
1660000 206.9
1665000 208.2
1670000 212.4
1675000 204.2
1680000 199.9
1685000 190.1
1690000 193.7
1695000 205.6
1700000 183.3
1705000 213.0
1710000 193.5
1715000 216.2
1720000 169.3
1725000 206.9
1730000 190.8
1735000 214.6
1740000 216.6
1745000 197.9
1750000 171.8
1755000 220.2
1760000 198.5
1765000 207.4
1770000 188.8
1775000 213.7
1780000 214.2
1785000 194.4
1790000 211.7
1795000 215.9
1800000 215.9
1805000 211.4
1810000 213.9
1815000 206.4
1820000 198.2
1825000 207.5
1830000 211.5
1835000 215.4
1840000 191.3
1845000 212.3
1850000 213.4
1855000 220.5
1860000 218.1
1865000 220.4
1870000 220.2
1875000 214.9
1880000 217.3
1885000 213.3
1890000 217.5
1895000 213.1
1900000 218.7
1905000 219.1
1910000 208.0
1915000 213.3
1920000 219.6
1925000 218.4
1930000 214.0
1935000 221.2
1940000 215.2
1945000 223.5
1950000 194.2
1955000 220.8
1960000 213.3
1965000 187.3
1970000 201.5
1975000 215.1
1980000 221.4
1985000 220.1
1990000 219.2
1995000 217.0
2000000 220.5
