5000 0.0
10000 0.0
15000 1.4
20000 0.9
25000 1.7
30000 0.0
35000 1.1
40000 1.1
45000 1.8
50000 0.0
55000 0.6
60000 0.8
65000 0.7
70000 1.5
75000 1.1
80000 0.1
85000 1.0
90000 0.0
95000 0.1
100000 0.7
105000 0.2
110000 1.7
115000 0.4
120000 0.2
125000 4.9
130000 3.6
135000 18.6
140000 22.3
145000 16.6
150000 34.2
155000 29.9
160000 43.0
165000 57.8
170000 52.2
175000 31.7
180000 42.2
185000 55.6
190000 44.7
195000 95.9
200000 70.5
205000 38.7
210000 64.6
215000 60.2
220000 36.7
225000 64.4
230000 49.5
235000 62.5
240000 50.4
245000 39.1
250000 71.7
255000 39.0
260000 60.0
265000 25.8
270000 27.9
275000 39.1
280000 26.3
285000 68.2
290000 69.6
295000 63.8
300000 53.6
305000 26.5
310000 76.2
315000 33.9
320000 59.3
325000 75.1
330000 49.7
335000 23.1
340000 79.3
345000 55.1
350000 54.7
355000 84.5
360000 59.4
365000 36.3
370000 110.8
375000 41.7
380000 61.3
385000 35.7
390000 122.0
395000 20.5
400000 101.7
405000 40.8
410000 76.6
415000 19.2
420000 136.8
425000 121.7
430000 60.7
435000 105.0
440000 139.1
445000 146.1
450000 101.2
455000 153.0
460000 61.1
465000 63.3
470000 106.2
475000 41.9
480000 109.4
485000 137.9
490000 43.1
495000 22.9
500000 72.2
505000 139.3
510000 117.2
515000 73.4
520000 138.5
525000 91.1
530000 120.0
535000 164.7
540000 143.2
545000 122.0
550000 167.9
555000 144.6
560000 166.6
565000 120.5
570000 99.3
575000 116.0
580000 73.3
585000 49.0
590000 125.2
595000 168.3
600000 24.0
605000 44.7
610000 100.1
615000 127.5
620000 150.1
625000 148.8
630000 73.6
635000 123.7
640000 48.3
645000 174.7
650000 152.3
655000 128.5
660000 174.9
665000 49.5
670000 76.9
675000 181.7
680000 105.0
685000 132.5
690000 50.4
695000 155.7
700000 129.8
705000 155.6
710000 180.0
715000 132.9
720000 105.4
725000 105.4
730000 129.6
735000 78.7
740000 107.8
745000 161.3
750000 130.2
755000 131.6
760000 136.8
765000 105.2
770000 239.4
775000 79.8
780000 160.2
785000 132.6
790000 136.5
795000 183.4
800000 161.1
805000 108.8
810000 54.7
815000 106.2
820000 134.3
825000 26.4
830000 160.9
835000 79.3
840000 103.7
845000 135.2
850000 131.4
855000 157.7
860000 80.0
865000 105.6
870000 106.1
875000 163.1
880000 106.3
885000 132.4
890000 107.0
895000 161.1
900000 26.7
905000 105.2
910000 162.1
915000 133.3
920000 134.2
925000 160.0
930000 161.3
935000 212.4
940000 161.6
945000 159.4
950000 108.1
955000 185.7
960000 79.5
965000 137.0
970000 132.8
975000 80.8
980000 191.7
985000 164.8
990000 82.5
995000 107.7
1000000 110.5
1005000 76.9
1010000 139.3
1015000 191.9
1020000 192.3
1025000 111.2
1030000 108.1
1035000 110.8
1040000 164.3
1045000 109.7
1050000 170.8
1055000 168.3
1060000 114.0
1065000 142.1
1070000 141.3
1075000 117.2
1080000 196.9
1085000 82.4
1090000 115.5
1095000 185.2
1100000 90.0
1105000 90.6
1110000 125.0
1115000 90.1
1120000 30.6
1125000 148.8
1130000 214.6
1135000 210.1
1140000 148.0
1145000 89.0
1150000 124.1
1155000 116.9
1160000 182.8
1165000 150.6
1170000 121.0
1175000 154.5
1180000 181.0
1185000 140.1
1190000 61.3
1195000 179.0
1200000 185.6
1205000 125.7
1210000 92.3
1215000 160.6
1220000 219.7
1225000 191.3
1230000 216.8
1235000 120.6
1240000 150.1
1245000 123.6
1250000 61.7
1255000 93.8
1260000 124.7
1265000 62.7
1270000 159.1
1275000 128.2
1280000 156.2
1285000 124.6
1290000 191.4
1295000 125.9
1300000 123.1
1305000 94.0
1310000 0.3
1315000 157.2
1320000 94.9
1325000 156.1
1330000 93.6
1335000 126.3
1340000 95.0
1345000 127.1
1350000 128.9
1355000 63.1
1360000 224.6
1365000 31.9
1370000 158.5
1375000 156.3
1380000 212.6
1385000 62.1
1390000 186.6
1395000 219.7
1400000 158.3
1405000 252.5
1410000 91.5
1415000 190.2
1420000 196.5
1425000 249.2
1430000 247.8
1435000 301.3
1440000 212.5
1445000 274.3
1450000 261.9
1455000 205.3
1460000 275.4
1465000 313.6
1470000 304.0
1475000 314.8
1480000 310.3
1485000 312.8
1490000 302.0
1495000 311.8
1500000 310.5
1505000 317.2
1510000 315.3
1515000 311.3
1520000 306.7
1525000 306.0
1530000 305.8
1535000 280.1
1540000 313.9
1545000 310.7
1550000 319.5
1555000 306.1
1560000 279.8
1565000 311.6
1570000 284.6
1575000 317.4
1580000 312.2
1585000 316.3
1590000 317.7
1595000 315.0
1600000 315.8
1605000 315.1
1610000 311.6
1615000 311.6
1620000 312.6
1625000 285.8
1630000 316.2
1635000 310.0
1640000 316.1
1645000 316.5
1650000 315.2
1655000 318.2
1660000 312.7
1665000 319.0
1670000 313.0
1675000 312.6
1680000 319.4
1685000 321.3
1690000 307.8
1695000 318.2
1700000 314.0
1705000 315.6
1710000 320.4
1715000 319.2
1720000 316.5
1725000 319.5
1730000 314.4
1735000 306.3
1740000 320.2
1745000 320.6
1750000 319.4
1755000 316.5
1760000 319.2
1765000 319.8
1770000 318.0
1775000 315.9
1780000 321.3
1785000 319.3
1790000 319.8
1795000 325.4
1800000 322.8
1805000 317.3
1810000 318.9
1815000 317.6
1820000 285.1
1825000 316.9
1830000 317.7
1835000 319.1
1840000 319.8
1845000 324.1
1850000 326.6
1855000 328.8
1860000 319.3
1865000 318.2
1870000 317.7
1875000 320.8
1880000 317.8
1885000 288.4
1890000 325.7
1895000 321.5
1900000 322.3
1905000 319.9
1910000 310.9
1915000 321.2
1920000 323.1
1925000 327.7
1930000 320.8
1935000 314.0
1940000 326.4
1945000 321.8
1950000 331.9
1955000 319.3
1960000 329.6
1965000 314.9
1970000 326.5
1975000 325.6
1980000 324.9
1985000 318.1
1990000 321.6
1995000 320.0
2000000 320.4
