5000 0.0
10000 0.0
15000 0.0
20000 0.0
25000 0.0
30000 0.0
35000 0.0
40000 0.0
45000 0.0
50000 0.0
55000 0.0
60000 0.0
65000 0.0
70000 0.0
75000 0.0
80000 0.0
85000 0.0
90000 0.0
95000 0.3
100000 0.0
105000 0.4
110000 0.0
115000 0.0
120000 0.0
125000 0.4
130000 0.3
135000 0.2
140000 0.0
145000 0.3
150000 0.3
155000 1.3
160000 0.4
165000 0.3
170000 4.2
175000 1.1
180000 1.1
185000 0.7
190000 1.5
195000 13.8
200000 9.3
205000 5.2
210000 5.1
215000 36.9
220000 28.9
225000 14.6
230000 39.5
235000 15.3
240000 18.4
245000 28.4
250000 38.0
255000 35.1
260000 15.1
265000 20.9
270000 19.6
275000 32.8
280000 20.9
285000 53.8
290000 41.7
295000 40.9
300000 57.4
305000 31.4
310000 36.5
315000 33.6
320000 39.9
325000 7.9
330000 46.9
335000 17.0
340000 15.9
345000 31.8
350000 44.4
355000 18.1
360000 72.6
365000 36.1
370000 57.0
375000 27.1
380000 45.8
385000 60.5
390000 37.6
395000 33.8
400000 46.6
405000 19.0
410000 34.1
415000 43.7
420000 67.7
425000 36.8
430000 9.5
435000 27.1
440000 72.0
445000 27.6
450000 37.1
455000 52.9
460000 58.1
465000 28.6
470000 44.4
475000 36.9
480000 27.9
485000 64.7
490000 17.5
495000 37.7
500000 10.7
505000 31.0
510000 31.2
515000 51.1
520000 52.9
525000 62.1
530000 31.7
535000 33.8
540000 51.9
545000 54.3
550000 55.1
555000 63.8
560000 31.2
565000 42.0
570000 63.5
575000 32.4
580000 98.6
585000 51.9
590000 67.1
595000 61.1
600000 89.4
605000 42.9
610000 86.4
615000 80.0
620000 42.6
625000 44.9
630000 42.9
635000 76.7
640000 66.8
645000 22.2
650000 53.7
655000 33.8
660000 34.2
665000 32.0
670000 89.7
675000 52.6
680000 64.3
685000 47.7
690000 66.2
695000 67.3
700000 32.3
705000 33.2
710000 57.1
715000 45.9
720000 89.5
725000 60.4
730000 40.9
735000 36.1
740000 22.4
745000 79.3
750000 68.1
755000 23.0
760000 54.8
765000 46.7
770000 57.3
775000 83.9
780000 44.8
785000 22.3
790000 45.9
795000 45.8
800000 57.4
805000 83.5
810000 47.9
815000 47.6
820000 35.1
825000 62.2
830000 34.7
835000 36.5
840000 46.3
845000 57.4
850000 77.7
855000 56.7
860000 23.8
865000 61.0
870000 55.5
875000 60.0
880000 58.9
885000 45.4
890000 49.2
895000 83.0
900000 47.8
905000 70.4
910000 69.7
915000 70.1
920000 72.7
925000 60.6
930000 47.5
935000 84.1
940000 48.9
945000 23.4
950000 85.0
955000 74.2
960000 25.1
965000 73.5
970000 55.7
975000 73.6
980000 60.5
985000 85.4
990000 36.9
995000 73.7
1000000 50.9
1005000 70.1
1010000 12.2
1015000 60.2
1020000 60.3
1025000 92.1
1030000 63.2
1035000 48.5
1040000 77.3
1045000 54.1
1050000 39.0
1055000 39.8
1060000 26.0
1065000 53.5
1070000 41.3
1075000 82.8
1080000 69.0
1085000 14.0
1090000 41.2
1095000 42.3
1100000 26.0
1105000 56.5
1110000 66.4
1115000 55.2
1120000 56.1
1125000 70.7
1130000 28.8
1135000 56.8
1140000 41.6
1145000 27.6
1150000 70.8
1155000 71.0
1160000 57.0
1165000 70.3
1170000 72.5
1175000 43.9
1180000 42.9
1185000 73.2
1190000 15.3
1195000 70.9
1200000 44.9
1205000 58.1
1210000 88.8
1215000 72.3
1220000 58.4
1225000 73.1
1230000 73.5
1235000 57.6
1240000 30.1
1245000 30.2
1250000 116.9
1255000 56.7
1260000 83.8
1265000 56.7
1270000 70.3
1275000 57.3
1280000 104.3
1285000 59.1
1290000 43.1
1295000 88.4
1300000 58.3
1305000 113.9
1310000 28.3
1315000 105.8
1320000 73.0
1325000 57.6
1330000 58.8
1335000 88.7
1340000 101.3
1345000 74.7
1350000 74.4
1355000 75.7
1360000 72.5
1365000 59.5
1370000 28.5
1375000 58.9
1380000 30.2
1385000 29.7
1390000 59.3
1395000 44.8
1400000 59.0
1405000 74.3
1410000 74.6
1415000 29.7
1420000 57.4
1425000 44.8
1430000 43.6
1435000 44.4
1440000 73.0
1445000 59.5
1450000 72.5
1455000 61.1
1460000 73.1
1465000 106.4
1470000 29.3
1475000 75.3
1480000 104.1
1485000 91.1
1490000 57.9
1495000 74.5
1500000 76.3
1505000 30.2
1510000 71.2
1515000 44.6
1520000 75.5
1525000 58.6
1530000 43.4
1535000 43.6
1540000 44.9
1545000 90.9
1550000 74.1
1555000 46.1
1560000 44.3
1565000 61.1
1570000 92.1
1575000 60.6
1580000 87.2
1585000 90.2
1590000 58.8
1595000 47.5
1600000 90.7
1605000 60.6
1610000 106.2
1615000 118.9
1620000 45.9
1625000 89.5
1630000 63.1
1635000 46.7
1640000 62.8
1645000 30.7
1650000 62.5
1655000 28.8
1660000 44.8
1665000 15.8
1670000 75.8
1675000 76.6
1680000 74.1
1685000 46.7
1690000 45.8
1695000 94.0
1700000 60.0
1705000 102.4
1710000 62.3
1715000 47.2
1720000 93.4
1725000 92.2
1730000 108.6
1735000 46.7
1740000 92.6
1745000 77.6
1750000 77.7
1755000 48.0
1760000 30.8
1765000 60.0
1770000 31.1
1775000 63.6
1780000 61.0
1785000 59.1
1790000 104.7
1795000 106.9
1800000 62.5
1805000 127.2
1810000 74.5
1815000 91.4
1820000 78.0
1825000 77.2
1830000 73.7
1835000 120.5
1840000 60.3
1845000 76.7
1850000 32.0
1855000 93.8
1860000 62.7
1865000 93.6
1870000 94.5
1875000 93.4
1880000 93.6
1885000 94.0
1890000 92.6
1895000 110.0
1900000 125.5
1905000 46.7
1910000 15.3
1915000 47.5
1920000 46.4
1925000 47.1
1930000 61.8
1935000 108.8
1940000 61.3
1945000 79.6
1950000 77.8
1955000 94.4
1960000 30.4
1965000 110.0
1970000 47.3
1975000 31.3
1980000 78.5
1985000 62.8
1990000 93.6
1995000 78.7
2000000 31.9
