5000 0.0
10000 0.0
15000 0.8
20000 1.1
25000 0.0
30000 0.0
35000 0.0
40000 0.0
45000 0.0
50000 0.2
55000 0.0
60000 0.0
65000 0.0
70000 0.1
75000 0.0
80000 0.0
85000 0.0
90000 0.2
95000 0.1
100000 1.5
105000 0.1
110000 0.8
115000 0.0
120000 0.3
125000 1.0
130000 3.2
135000 12.0
140000 0.0
145000 0.6
150000 15.7
155000 17.8
160000 6.0
165000 40.0
170000 25.0
175000 16.6
180000 9.5
185000 21.6
190000 43.6
195000 32.0
200000 2.5
205000 24.2
210000 15.1
215000 22.8
220000 4.1
225000 64.7
230000 26.0
235000 35.3
240000 5.6
245000 33.9
250000 26.3
255000 18.7
260000 26.8
265000 55.5
270000 47.3
275000 38.9
280000 58.3
285000 53.3
290000 50.3
295000 39.6
300000 48.0
305000 37.7
310000 53.2
315000 33.8
320000 44.8
325000 33.1
330000 45.3
335000 44.6
340000 78.3
345000 71.4
350000 45.5
355000 89.9
360000 62.1
365000 74.4
370000 96.8
375000 75.4
380000 61.7
385000 67.6
390000 89.4
395000 83.8
400000 88.2
405000 49.0
410000 37.7
415000 110.8
420000 100.0
425000 106.8
430000 112.3
435000 87.9
440000 90.4
445000 120.0
450000 122.0
455000 112.9
460000 91.9
465000 124.6
470000 118.2
475000 123.2
480000 121.9
485000 120.9
490000 117.9
495000 121.0
500000 125.3
505000 105.0
510000 119.1
515000 105.7
520000 121.6
525000 124.7
530000 127.7
535000 124.8
540000 126.2
545000 126.9
550000 125.8
555000 115.9
560000 112.3
565000 125.5
570000 130.2
575000 124.2
580000 128.3
585000 128.1
590000 129.1
595000 127.7
600000 118.7
605000 129.9
610000 127.4
615000 126.7
620000 129.3
625000 127.8
630000 130.1
635000 129.6
640000 133.4
645000 128.4
650000 127.0
655000 129.5
660000 130.3
665000 128.5
670000 133.9
675000 128.5
680000 132.9
685000 127.2
690000 130.1
695000 127.1
700000 126.7
705000 126.4
710000 128.1
715000 130.8
720000 127.9
725000 128.0
730000 127.9
735000 131.8
740000 130.2
745000 114.1
750000 114.6
755000 130.0
760000 126.9
765000 131.2
770000 131.2
775000 131.3
780000 129.8
785000 131.3
790000 129.9
795000 124.9
800000 129.0
805000 130.2
810000 134.8
815000 130.0
820000 132.8
825000 130.6
830000 114.5
835000 128.8
840000 131.3
845000 119.8
850000 134.3
855000 130.9
860000 118.6
865000 130.6
870000 130.8
875000 132.3
880000 127.5
885000 132.9
890000 132.2
895000 132.1
900000 129.6
905000 131.4
910000 134.3
915000 133.9
920000 130.9
925000 132.5
930000 134.6
935000 134.0
940000 133.1
945000 130.9
950000 120.0
955000 132.7
960000 130.4
965000 133.5
970000 129.8
975000 131.7
980000 133.7
985000 130.7
990000 132.8
995000 133.4
1000000 132.5
1005000 135.0
1010000 135.7
1015000 129.0
1020000 134.4
1025000 124.4
1030000 136.0
1035000 120.9
1040000 137.9
1045000 135.2
1050000 134.5
1055000 135.5
1060000 136.9
1065000 138.6
1070000 138.1
1075000 127.0
1080000 135.0
1085000 133.2
1090000 122.7
1095000 136.8
1100000 135.7
1105000 133.8
1110000 144.9
1115000 127.4
1120000 138.4
1125000 140.2
1130000 127.1
1135000 143.5
1140000 146.7
1145000 142.6
1150000 127.2
1155000 139.6
1160000 144.2
1165000 141.9
1170000 143.2
1175000 142.8
1180000 147.4
1185000 133.5
1190000 129.3
1195000 143.4
1200000 147.0
1205000 145.4
1210000 148.9
1215000 147.6
1220000 144.0
1225000 149.5
1230000 147.5
1235000 147.9
1240000 148.6
1245000 144.8
1250000 147.2
1255000 151.1
1260000 146.5
1265000 146.4
1270000 145.0
1275000 148.9
1280000 147.3
1285000 147.1
1290000 148.3
1295000 146.2
1300000 147.7
1305000 147.0
1310000 147.6
1315000 145.2
1320000 148.5
1325000 149.0
1330000 147.5
1335000 149.7
1340000 151.7
1345000 149.0
1350000 146.1
1355000 148.6
1360000 153.3
1365000 153.7
1370000 149.0
1375000 134.7
1380000 151.6
1385000 152.0
1390000 151.8
1395000 150.1
1400000 136.3
1405000 153.9
1410000 149.6
1415000 149.7
1420000 148.5
1425000 152.0
1430000 150.6
1435000 148.4
1440000 152.0
1445000 151.3
1450000 151.4
1455000 150.9
1460000 151.4
1465000 134.2
1470000 150.8
1475000 152.4
1480000 152.9
1485000 151.6
1490000 152.0
1495000 147.2
1500000 151.4
1505000 148.7
1510000 150.3
1515000 147.5
1520000 153.9
1525000 153.2
1530000 146.0
1535000 151.0
1540000 149.4
1545000 148.9
1550000 153.2
1555000 146.8
1560000 153.9
1565000 151.0
1570000 150.2
1575000 151.6
1580000 145.4
1585000 150.6
1590000 148.6
1595000 153.8
1600000 152.8
1605000 151.6
1610000 149.5
1615000 132.9
1620000 147.4
1625000 151.6
1630000 155.6
1635000 153.0
1640000 134.8
1645000 154.8
1650000 154.4
1655000 153.8
1660000 151.0
1665000 153.9
1670000 150.8
1675000 150.2
1680000 151.2
1685000 151.4
1690000 155.3
1695000 149.4
1700000 151.0
1705000 154.8
1710000 151.0
1715000 154.3
1720000 140.3
1725000 138.2
1730000 150.9
1735000 155.1
1740000 134.7
1745000 152.0
1750000 151.1
1755000 154.0
1760000 148.4
1765000 153.2
1770000 153.3
1775000 152.6
1780000 150.6
1785000 155.8
1790000 153.7
1795000 135.8
1800000 147.8
1805000 152.9
1810000 149.5
1815000 149.2
1820000 149.6
1825000 137.0
1830000 135.8
1835000 147.4
1840000 123.9
1845000 155.9
1850000 154.2
1855000 153.9
1860000 151.9
1865000 156.6
1870000 156.5
1875000 149.7
1880000 150.1
1885000 151.4
1890000 155.8
1895000 156.7
1900000 154.6
1905000 153.0
1910000 151.4
1915000 154.0
1920000 153.3
1925000 137.4
1930000 151.6
1935000 154.0
1940000 160.3
1945000 159.8
1950000 154.5
1955000 192.6
1960000 204.3
1965000 207.1
1970000 195.5
1975000 200.0
1980000 217.3
1985000 220.0
1990000 213.1
1995000 220.8
2000000 216.6
