5000 0.0
10000 0.0
15000 0.0
20000 0.0
25000 2.7
30000 0.0
35000 0.0
40000 0.0
45000 0.0
50000 0.0
55000 0.0
60000 0.0
65000 0.0
70000 0.0
75000 0.0
80000 0.0
85000 0.1
90000 0.0
95000 0.2
100000 0.2
105000 0.0
110000 0.0
115000 0.0
120000 0.0
125000 0.0
130000 0.0
135000 0.1
140000 0.0
145000 0.1
150000 0.6
155000 1.9
160000 0.8
165000 7.7
170000 4.8
175000 3.7
180000 12.7
185000 23.0
190000 7.9
195000 20.0
200000 16.4
205000 33.7
210000 23.3
215000 22.5
220000 36.3
225000 33.9
230000 17.8
235000 27.0
240000 16.2
245000 10.2
250000 37.3
255000 35.6
260000 16.1
265000 34.2
270000 37.1
275000 31.5
280000 33.4
285000 50.2
290000 31.7
295000 41.7
300000 37.8
305000 94.3
310000 51.6
315000 20.2
320000 6.1
325000 10.3
330000 54.3
335000 53.8
340000 80.6
345000 41.4
350000 68.0
355000 28.7
360000 27.4
365000 52.2
370000 78.8
375000 20.5
380000 33.2
385000 50.1
390000 22.1
395000 89.0
400000 39.3
405000 32.6
410000 43.1
415000 22.7
420000 21.8
425000 51.2
430000 32.5
435000 50.1
440000 77.0
445000 18.9
450000 54.1
455000 45.8
460000 59.1
465000 68.0
470000 65.1
475000 69.2
480000 46.1
485000 70.6
490000 79.8
495000 48.5
500000 57.6
505000 34.7
510000 34.8
515000 60.8
520000 72.2
525000 59.4
530000 60.2
535000 84.4
540000 45.5
545000 36.8
550000 1.5
555000 65.7
560000 36.0
565000 60.0
570000 47.3
575000 46.4
580000 48.0
585000 48.1
590000 23.7
595000 72.3
600000 58.6
605000 46.3
610000 36.2
615000 47.8
620000 12.1
625000 47.0
630000 72.1
635000 59.3
640000 36.4
645000 59.7
650000 96.0
655000 73.6
660000 36.5
665000 62.7
670000 73.0
675000 60.4
680000 86.5
685000 71.3
690000 74.0
695000 35.8
700000 58.6
705000 48.8
710000 50.0
715000 36.1
720000 25.0
725000 61.5
730000 49.0
735000 124.7
740000 24.5
745000 12.2
750000 49.2
755000 50.0
760000 24.2
765000 62.4
770000 62.2
775000 74.2
780000 37.0
785000 51.9
790000 37.8
795000 89.1
800000 75.0
805000 37.4
810000 49.4
815000 37.8
820000 76.3
825000 102.5
830000 50.9
835000 62.7
840000 63.6
845000 37.7
850000 62.3
855000 61.8
860000 89.2
865000 89.0
870000 89.5
875000 51.9
880000 52.1
885000 38.2
890000 50.3
895000 49.9
900000 87.3
905000 38.9
910000 51.5
915000 51.3
920000 66.7
925000 76.5
930000 64.9
935000 64.9
940000 62.7
945000 66.1
950000 37.3
955000 52.1
960000 54.5
965000 77.8
970000 25.9
975000 64.9
980000 25.2
985000 37.9
990000 77.5
995000 76.6
1000000 52.3
1005000 52.1
1010000 23.0
1015000 47.5
1020000 61.4
1025000 38.7
1030000 35.5
1035000 64.8
1040000 63.8
1045000 60.1
1050000 49.6
1055000 64.5
1060000 27.6
1065000 89.6
1070000 64.6
1075000 22.4
1080000 87.3
1085000 50.5
1090000 36.1
1095000 74.8
1100000 61.0
1105000 48.5
1110000 50.6
1115000 76.9
1120000 66.7
1125000 64.8
1130000 52.1
1135000 63.7
1140000 62.0
1145000 52.1
1150000 24.5
1155000 89.7
1160000 40.3
1165000 66.4
1170000 54.3
1175000 78.3
1180000 38.2
1185000 67.0
1190000 39.1
1195000 67.0
1200000 12.2
1205000 63.9
1210000 106.6
1215000 51.6
1220000 53.4
1225000 65.7
1230000 39.8
1235000 66.6
1240000 41.1
1245000 39.9
1250000 81.0
1255000 52.7
1260000 52.8
1265000 67.3
1270000 81.1
1275000 80.8
1280000 67.0
1285000 80.6
1290000 54.3
1295000 53.0
1300000 67.1
1305000 51.1
1310000 55.2
1315000 25.1
1320000 53.8
1325000 40.7
1330000 53.2
1335000 53.5
1340000 105.4
1345000 48.7
1350000 77.8
1355000 53.1
1360000 41.0
1365000 39.5
1370000 37.8
1375000 67.2
1380000 96.6
1385000 93.6
1390000 26.5
1395000 53.1
1400000 51.1
1405000 0.8
1410000 16.0
1415000 51.1
1420000 80.5
1425000 66.7
1430000 74.5
1435000 54.9
1440000 114.2
1445000 41.4
1450000 80.1
1455000 38.9
1460000 66.9
1465000 68.2
1470000 82.3
1475000 68.0
1480000 26.6
1485000 79.2
1490000 55.0
1495000 66.2
1500000 52.9
1505000 53.2
1510000 66.9
1515000 79.0
1520000 66.9
1525000 81.0
1530000 40.0
1535000 53.4
1540000 67.5
1545000 69.5
1550000 78.8
1555000 54.4
1560000 54.0
1565000 82.7
1570000 41.6
1575000 67.1
1580000 53.1
1585000 40.6
1590000 81.8
1595000 40.8
1600000 40.7
1605000 69.1
1610000 81.3
1615000 39.6
1620000 51.7
1625000 67.3
1630000 13.0
1635000 53.4
1640000 79.7
1645000 96.1
1650000 80.4
1655000 54.6
1660000 13.7
1665000 83.9
1670000 54.4
1675000 68.3
1680000 40.1
1685000 27.6
1690000 64.2
1695000 52.6
1700000 53.1
1705000 39.9
1710000 41.1
1715000 83.5
1720000 27.2
1725000 54.3
1730000 52.8
1735000 80.5
1740000 27.5
1745000 54.4
1750000 67.4
1755000 67.6
1760000 96.0
1765000 96.0
1770000 68.2
1775000 27.4
1780000 41.2
1785000 39.6
1790000 68.4
1795000 82.7
1800000 84.0
1805000 69.1
1810000 67.6
1815000 99.6
1820000 68.1
1825000 42.8
1830000 55.4
1835000 68.6
1840000 68.5
1845000 68.0
1850000 81.7
1855000 86.0
1860000 70.5
1865000 54.4
1870000 28.2
1875000 83.8
1880000 108.3
1885000 42.1
1890000 81.5
1895000 85.5
1900000 81.1
1905000 56.3
1910000 68.5
1915000 41.3
1920000 55.2
1925000 69.5
1930000 42.0
1935000 97.0
1940000 42.7
1945000 42.3
1950000 55.0
1955000 68.6
1960000 28.4
1965000 69.6
1970000 95.1
1975000 84.1
1980000 68.8
1985000 69.5
1990000 82.7
1995000 98.9
2000000 13.6
