5000 0.0
10000 0.0
15000 0.0
20000 0.0
25000 0.0
30000 0.0
35000 0.0
40000 0.0
45000 0.1
50000 0.0
55000 0.0
60000 0.0
65000 0.0
70000 0.0
75000 0.0
80000 0.0
85000 0.4
90000 1.4
95000 0.3
100000 0.0
105000 0.2
110000 0.3
115000 1.6
120000 0.9
125000 1.2
130000 0.6
135000 9.3
140000 0.4
145000 0.0
150000 23.9
155000 11.4
160000 14.5
165000 39.8
170000 0.4
175000 17.5
180000 26.4
185000 33.6
190000 51.5
195000 59.2
200000 61.7
205000 45.9
210000 58.3
215000 67.4
220000 81.7
225000 56.5
230000 72.8
235000 35.6
240000 73.9
245000 34.8
250000 61.3
255000 44.1
260000 36.2
265000 81.6
270000 12.5
275000 37.9
280000 50.9
285000 64.3
290000 61.3
295000 49.6
300000 50.5
305000 38.1
310000 36.4
315000 99.1
320000 49.3
325000 48.4
330000 24.2
335000 62.7
340000 38.3
345000 52.2
350000 63.8
355000 91.6
360000 64.4
365000 38.9
370000 38.8
375000 51.4
380000 64.6
385000 77.5
390000 26.0
395000 51.1
400000 53.4
405000 64.9
410000 49.8
415000 52.7
420000 38.2
425000 66.5
430000 76.7
435000 51.7
440000 68.3
445000 103.5
450000 38.7
455000 79.1
460000 39.8
465000 65.2
470000 80.4
475000 78.0
480000 41.3
485000 39.8
490000 42.4
495000 79.2
500000 53.9
505000 68.2
510000 54.5
515000 40.6
520000 54.6
525000 93.1
530000 13.5
535000 55.4
540000 80.6
545000 93.5
550000 67.1
555000 40.2
560000 117.9
565000 27.5
570000 66.0
575000 66.9
580000 109.9
585000 50.2
590000 26.2
595000 40.1
600000 93.7
605000 38.9
610000 80.5
615000 55.0
620000 66.2
625000 54.2
630000 81.9
635000 67.4
640000 28.2
645000 55.4
650000 95.3
655000 53.9
660000 40.2
665000 28.2
670000 40.5
675000 98.5
680000 97.1
685000 84.9
690000 41.2
695000 99.0
700000 83.1
705000 41.5
710000 54.5
715000 70.5
720000 83.7
725000 112.4
730000 55.3
735000 42.1
740000 70.1
745000 96.6
750000 108.9
755000 85.2
760000 71.9
765000 68.8
770000 69.8
775000 53.3
780000 57.1
785000 13.7
790000 87.7
795000 81.9
800000 58.1
805000 55.5
810000 95.9
815000 57.9
820000 99.1
825000 56.3
830000 65.5
835000 73.8
840000 58.5
845000 85.0
850000 58.6
855000 27.9
860000 42.4
865000 44.3
870000 102.1
875000 80.1
880000 57.4
885000 73.7
890000 114.4
895000 42.1
900000 72.7
905000 111.3
910000 86.8
915000 58.0
920000 71.5
925000 57.0
930000 43.9
935000 43.3
940000 55.7
945000 71.9
950000 43.1
955000 85.3
960000 86.6
965000 29.0
970000 87.2
975000 59.1
980000 43.6
985000 43.6
990000 71.0
995000 89.9
1000000 71.6
1005000 23.8
1010000 43.7
1015000 71.2
1020000 86.7
1025000 58.0
1030000 0.0
1035000 58.4
1040000 92.4
1045000 72.8
1050000 29.2
1055000 60.3
1060000 45.9
1065000 46.6
1070000 89.2
1075000 61.9
1080000 75.8
1085000 75.7
1090000 45.1
1095000 93.2
1100000 78.5
1105000 79.0
1110000 47.8
1115000 95.1
1120000 46.4
1125000 30.8
1130000 47.7
1135000 62.1
1140000 47.9
1145000 46.1
1150000 64.0
1155000 31.4
1160000 80.2
1165000 111.1
1170000 78.2
1175000 48.0
1180000 79.1
1185000 46.9
1190000 63.0
1195000 63.0
1200000 94.8
1205000 63.7
1210000 47.6
1215000 81.3
1220000 47.4
1225000 48.6
1230000 77.2
1235000 129.6
1240000 64.4
1245000 66.0
1250000 98.7
1255000 99.6
1260000 48.8
1265000 84.8
1270000 48.6
1275000 98.9
1280000 45.1
1285000 93.6
1290000 51.1
1295000 63.8
1300000 65.1
1305000 100.6
1310000 83.3
1315000 66.5
1320000 64.5
1325000 49.2
1330000 65.3
1335000 84.5
1340000 50.5
1345000 66.5
1350000 85.8
1355000 68.7
1360000 50.3
1365000 33.9
1370000 69.2
1375000 17.0
1380000 70.0
1385000 86.7
1390000 87.0
1395000 68.7
1400000 16.3
1405000 138.5
1410000 68.2
1415000 66.3
1420000 34.9
1425000 87.3
1430000 101.4
1435000 93.0
1440000 85.4
1445000 34.7
1450000 119.5
1455000 50.7
1460000 67.0
1465000 84.6
1470000 53.3
1475000 121.7
1480000 103.7
1485000 34.5
1490000 52.1
1495000 103.1
1500000 68.6
1505000 52.9
1510000 87.8
1515000 51.5
1520000 69.7
1525000 88.4
1530000 87.0
1535000 103.4
1540000 103.1
1545000 68.8
1550000 34.2
1555000 52.6
1560000 87.9
1565000 51.5
1570000 17.2
1575000 53.5
1580000 17.9
1585000 71.0
1590000 105.1
1595000 35.5
1600000 123.5
1605000 68.6
1610000 139.0
1615000 89.3
1620000 18.2
1625000 51.5
1630000 71.5
1635000 90.1
1640000 69.9
1645000 88.8
1650000 83.6
1655000 103.8
1660000 102.7
1665000 87.4
1670000 71.2
1675000 105.7
1680000 88.6
1685000 69.2
1690000 69.7
1695000 71.4
1700000 71.5
1705000 56.4
1710000 122.1
1715000 52.0
1720000 33.5
1725000 17.2
1730000 87.7
1735000 143.7
1740000 71.7
1745000 86.3
1750000 53.0
1755000 87.4
1760000 52.8
1765000 72.4
1770000 35.7
1775000 70.9
1780000 35.6
1785000 72.0
1790000 90.9
1795000 108.3
1800000 70.9
1805000 72.2
1810000 125.1
1815000 18.8
1820000 107.0
1825000 52.5
1830000 0.0
1835000 52.1
1840000 106.2
1845000 161.8
1850000 70.9
1855000 89.6
1860000 125.8
1865000 89.2
1870000 69.9
1875000 52.0
1880000 0.0
1885000 85.8
1890000 36.5
1895000 90.0
1900000 52.8
1905000 110.0
1910000 50.4
1915000 124.2
1920000 107.6
1925000 90.8
1930000 124.1
1935000 104.7
1940000 73.9
1945000 89.4
1950000 70.5
1955000 72.3
1960000 88.9
1965000 125.3
1970000 70.5
1975000 55.1
1980000 88.9
1985000 71.0
1990000 36.4
1995000 89.7
2000000 123.7
