5000 0.9
10000 0.0
15000 0.1
20000 0.2
25000 0.0
30000 0.0
35000 0.0
40000 0.1
45000 0.1
50000 1.4
55000 0.4
60000 1.5
65000 0.1
70000 0.3
75000 0.1
80000 0.2
85000 0.0
90000 0.0
95000 0.4
100000 0.1
105000 0.1
110000 0.5
115000 1.6
120000 1.7
125000 2.4
130000 0.6
135000 1.5
140000 20.7
145000 3.6
150000 18.0
155000 9.1
160000 20.0
165000 27.0
170000 2.9
175000 34.5
180000 47.3
185000 35.1
190000 21.9
195000 39.2
200000 17.8
205000 31.2
210000 39.5
215000 25.6
220000 49.1
225000 55.2
230000 35.0
235000 51.5
240000 54.0
245000 43.8
250000 31.9
255000 27.4
260000 44.5
265000 27.3
270000 17.0
275000 16.2
280000 35.0
285000 27.9
290000 26.1
295000 36.1
300000 17.6
305000 36.7
310000 27.6
315000 28.6
320000 27.3
325000 45.8
330000 28.2
335000 45.7
340000 75.1
345000 36.3
350000 45.1
355000 37.0
360000 28.0
365000 46.9
370000 45.2
375000 57.1
380000 38.7
385000 29.5
390000 59.9
395000 47.5
400000 48.4
405000 29.3
410000 39.9
415000 40.7
420000 30.0
425000 28.7
430000 58.3
435000 41.0
440000 20.2
445000 38.0
450000 80.8
455000 30.7
460000 31.3
465000 61.3
470000 74.2
475000 51.2
480000 62.5
485000 64.6
490000 31.1
495000 64.7
500000 53.6
505000 20.7
510000 43.2
515000 38.5
520000 68.0
525000 31.2
530000 41.5
535000 53.7
540000 29.4
545000 20.1
550000 52.2
555000 84.8
560000 31.8
565000 31.7
570000 52.4
575000 49.8
580000 31.5
585000 19.0
590000 51.1
595000 10.6
600000 71.1
605000 52.0
610000 31.4
615000 73.7
620000 61.1
625000 42.1
630000 31.9
635000 30.8
640000 50.2
645000 40.6
650000 40.2
655000 71.1
660000 60.5
665000 69.8
670000 33.3
675000 41.7
680000 62.1
685000 30.0
690000 32.2
695000 42.5
700000 31.1
705000 32.0
710000 41.8
715000 39.8
720000 86.2
725000 88.2
730000 42.6
735000 52.6
740000 54.2
745000 42.7
750000 65.6
755000 53.5
760000 54.2
765000 53.3
770000 42.1
775000 71.8
780000 52.1
785000 65.6
790000 31.3
795000 51.2
800000 53.0
805000 41.3
810000 31.7
815000 55.8
820000 55.2
825000 86.8
830000 32.0
835000 54.7
840000 63.0
845000 64.3
850000 42.9
855000 53.1
860000 45.7
865000 63.6
870000 53.9
875000 31.5
880000 67.3
885000 53.3
890000 33.7
895000 65.2
900000 32.3
905000 53.6
910000 65.3
915000 31.0
920000 55.2
925000 54.1
930000 57.4
935000 66.9
940000 78.5
945000 65.1
950000 75.5
955000 55.7
960000 33.8
965000 43.5
970000 80.8
975000 32.9
980000 72.4
985000 54.5
990000 54.7
995000 31.7
1000000 45.0
1005000 65.8
1010000 74.6
1015000 32.6
1020000 33.3
1025000 66.4
1030000 33.1
1035000 102.8
1040000 76.7
1045000 22.8
1050000 56.9
1055000 59.0
1060000 78.4
1065000 70.0
1070000 57.2
1075000 81.1
1080000 59.5
1085000 59.3
1090000 34.6
1095000 67.9
1100000 69.8
1105000 83.9
1110000 57.5
1115000 46.6
1120000 35.2
1125000 66.4
1130000 69.4
1135000 60.8
1140000 79.9
1145000 47.5
1150000 56.2
1155000 69.2
1160000 59.5
1165000 54.7
1170000 59.9
1175000 75.2
1180000 87.5
1185000 60.2
1190000 48.3
1195000 70.1
1200000 60.4
1205000 95.0
1210000 83.9
1215000 83.0
1220000 12.7
1225000 74.6
1230000 111.7
1235000 36.4
1240000 75.4
1245000 77.0
1250000 87.1
1255000 61.1
1260000 85.6
1265000 74.0
1270000 76.1
1275000 50.0
1280000 48.5
1285000 99.7
1290000 72.3
1295000 101.3
1300000 75.5
1305000 75.5
1310000 24.6
1315000 61.2
1320000 116.6
1325000 66.7
1330000 73.1
1335000 59.8
1340000 76.0
1345000 123.0
1350000 50.2
1355000 111.5
1360000 63.3
1365000 89.8
1370000 114.0
1375000 86.9
1380000 97.3
1385000 51.3
1390000 50.9
1395000 114.8
1400000 64.0
1405000 102.6
1410000 61.3
1415000 113.3
1420000 38.2
1425000 75.4
1430000 101.9
1435000 87.6
1440000 74.7
1445000 88.9
1450000 77.5
1455000 64.5
1460000 116.8
1465000 78.7
1470000 51.6
1475000 77.7
1480000 89.5
1485000 93.2
1490000 80.3
1495000 104.1
1500000 105.2
1505000 80.7
1510000 80.0
1515000 79.5
1520000 92.1
1525000 67.3
1530000 93.7
1535000 81.7
1540000 109.0
1545000 55.1
1550000 90.3
1555000 117.9
1560000 94.5
1565000 82.4
1570000 94.5
1575000 81.3
1580000 108.4
1585000 96.1
1590000 118.1
1595000 69.3
1600000 78.3
1605000 111.3
1610000 105.7
1615000 96.9
1620000 55.1
1625000 84.8
1630000 83.1
1635000 98.5
1640000 116.0
1645000 69.1
1650000 113.5
1655000 85.3
1660000 121.7
1665000 109.3
1670000 72.0
1675000 109.1
1680000 127.7
1685000 114.1
1690000 112.8
1695000 125.6
1700000 114.5
1705000 101.7
1710000 119.9
1715000 113.5
1720000 130.2
1725000 139.4
1730000 112.9
1735000 148.4
1740000 148.8
1745000 84.9
1750000 151.5
1755000 104.7
1760000 134.0
1765000 92.0
1770000 78.3
1775000 124.8
1780000 141.3
1785000 121.6
1790000 143.1
1795000 109.9
1800000 125.7
1805000 107.8
1810000 155.4
1815000 142.1
1820000 106.9
1825000 159.7
1830000 120.4
1835000 141.9
1840000 127.6
1845000 146.3
1850000 123.0
1855000 129.1
1860000 151.0
1865000 152.4
1870000 147.0
1875000 135.8
1880000 148.1
1885000 172.3
1890000 154.9
1895000 156.7
1900000 124.4
1905000 103.9
1910000 142.4
1915000 125.6
1920000 159.7
1925000 157.1
1930000 154.2
1935000 107.4
1940000 148.0
1945000 165.1
1950000 144.2
1955000 176.7
1960000 145.5
1965000 182.0
1970000 163.5
1975000 165.1
1980000 162.8
1985000 144.6
1990000 180.6
1995000 163.4
2000000 180.9
