5000 0.0
10000 0.2
15000 0.1
20000 1.2
25000 0.0
30000 0.9
35000 0.1
40000 0.0
45000 0.1
50000 0.0
55000 0.0
60000 0.0
65000 0.0
70000 0.0
75000 0.0
80000 0.0
85000 0.0
90000 0.0
95000 0.0
100000 0.0
105000 0.3
110000 7.4
115000 0.9
120000 0.2
125000 2.7
130000 10.3
135000 31.4
140000 4.2
145000 7.8
150000 30.2
155000 26.6
160000 42.4
165000 18.0
170000 44.7
175000 12.7
180000 42.2
185000 44.2
190000 25.8
195000 30.8
200000 36.9
205000 40.4
210000 20.4
215000 50.8
220000 46.3
225000 40.7
230000 20.8
235000 31.1
240000 39.4
245000 75.9
250000 60.3
255000 31.5
260000 22.3
265000 20.6
270000 45.0
275000 54.3
280000 35.0
285000 21.7
290000 48.1
295000 60.1
300000 54.8
305000 55.0
310000 42.8
315000 68.7
320000 43.7
325000 42.7
330000 71.3
335000 38.3
340000 56.5
345000 51.1
350000 70.0
355000 52.5
360000 87.5
365000 74.2
370000 57.6
375000 100.8
380000 44.2
385000 103.0
390000 74.1
395000 60.1
400000 58.0
405000 75.0
410000 59.9
415000 43.8
420000 43.0
425000 58.6
430000 103.7
435000 74.0
440000 31.2
445000 59.9
450000 90.9
455000 44.9
460000 15.0
465000 77.4
470000 106.8
475000 76.6
480000 93.3
485000 91.8
490000 58.6
495000 105.6
500000 88.8
505000 105.8
510000 63.3
515000 61.1
520000 77.5
525000 91.6
530000 91.6
535000 108.2
540000 87.8
545000 94.9
550000 107.8
555000 109.3
560000 78.0
565000 76.4
570000 112.4
575000 46.7
580000 109.7
585000 16.0
590000 75.3
595000 129.5
600000 94.8
605000 65.0
610000 79.3
615000 127.6
620000 127.1
625000 98.8
630000 81.9
635000 100.8
640000 48.1
645000 96.4
650000 63.3
655000 81.8
660000 97.0
665000 93.8
670000 81.1
675000 98.9
680000 107.9
685000 79.0
690000 98.6
695000 144.0
700000 95.8
705000 94.6
710000 94.7
715000 96.6
720000 64.8
725000 116.5
730000 64.9
735000 62.5
740000 149.5
745000 65.8
750000 67.4
755000 82.4
760000 81.3
765000 49.8
770000 117.1
775000 98.6
780000 108.7
785000 132.0
790000 101.2
795000 100.1
800000 116.0
805000 130.3
810000 98.8
815000 66.9
820000 49.2
825000 84.1
830000 82.8
835000 83.3
840000 99.4
845000 48.0
850000 83.8
855000 135.9
860000 100.6
865000 101.3
870000 99.4
875000 34.4
880000 134.3
885000 103.5
890000 67.0
895000 97.4
900000 117.9
905000 117.8
910000 119.6
915000 78.1
920000 117.1
925000 102.0
930000 116.3
935000 79.8
940000 49.1
945000 98.3
950000 33.2
955000 137.0
960000 121.1
965000 102.6
970000 67.8
975000 129.0
980000 101.0
985000 101.2
990000 84.3
995000 81.6
1000000 67.8
1005000 96.1
1010000 64.7
1015000 66.9
1020000 64.9
1025000 97.1
1030000 77.7
1035000 97.1
1040000 82.6
1045000 122.1
1050000 83.4
1055000 65.1
1060000 44.9
1065000 65.4
1070000 114.4
1075000 81.1
1080000 71.0
1085000 87.2
1090000 140.1
1095000 51.5
1100000 16.9
1105000 29.0
1110000 33.3
1115000 66.9
1120000 34.7
1125000 70.7
1130000 139.3
1135000 34.8
1140000 69.1
1145000 69.9
1150000 87.2
1155000 123.1
1160000 86.1
1165000 34.4
1170000 52.4
1175000 52.7
1180000 90.1
1185000 70.9
1190000 123.0
1195000 52.0
1200000 107.4
1205000 139.0
1210000 73.1
1215000 108.9
1220000 106.4
1225000 52.7
1230000 90.3
1235000 105.0
1240000 88.9
1245000 85.1
1250000 89.6
1255000 35.2
1260000 104.1
1265000 105.3
1270000 54.5
1275000 53.5
1280000 123.6
1285000 125.3
1290000 72.8
1295000 109.3
1300000 53.5
1305000 52.3
1310000 91.7
1315000 54.2
1320000 107.3
1325000 89.3
1330000 73.0
1335000 73.5
1340000 109.1
1345000 73.9
1350000 125.9
1355000 102.7
1360000 71.9
1365000 55.4
1370000 143.8
1375000 69.7
1380000 0.0
1385000 53.9
1390000 107.7
1395000 149.0
1400000 91.7
1405000 70.5
1410000 128.3
1415000 87.9
1420000 54.2
1425000 146.8
1430000 74.3
1435000 55.3
1440000 106.3
1445000 93.1
1450000 90.5
1455000 111.3
1460000 128.6
1465000 109.7
1470000 143.8
1475000 86.3
1480000 90.4
1485000 53.4
1490000 144.6
1495000 109.4
1500000 145.4
1505000 91.9
1510000 126.8
1515000 92.5
1520000 73.8
1525000 110.1
1530000 145.8
1535000 87.2
1540000 87.9
1545000 108.5
1550000 126.5
1555000 72.5
1560000 90.3
1565000 90.0
1570000 85.7
1575000 35.7
1580000 125.5
1585000 35.5
1590000 91.9
1595000 110.2
1600000 89.9
1605000 55.0
1610000 74.7
1615000 144.2
1620000 130.8
1625000 93.9
1630000 111.8
1635000 95.2
1640000 91.3
1645000 93.1
1650000 105.5
1655000 90.8
1660000 110.3
1665000 107.1
1670000 129.8
1675000 72.7
1680000 108.1
1685000 72.4
1690000 126.9
1695000 144.9
1700000 128.1
1705000 128.1
1710000 90.3
1715000 130.2
1720000 130.5
1725000 165.0
1730000 148.4
1735000 168.7
1740000 108.2
1745000 107.9
1750000 148.3
1755000 93.0
1760000 130.4
1765000 109.3
1770000 75.3
1775000 74.2
1780000 90.3
1785000 146.6
1790000 143.9
1795000 110.2
1800000 111.9
1805000 108.0
1810000 123.4
1815000 145.7
1820000 111.4
1825000 92.4
1830000 148.5
1835000 109.1
1840000 54.9
1845000 129.6
1850000 146.8
1855000 73.3
1860000 112.8
1865000 128.2
1870000 129.4
1875000 186.7
1880000 111.5
1885000 129.9
1890000 149.0
1895000 110.3
1900000 94.1
1905000 149.3
1910000 114.2
1915000 188.5
1920000 71.0
1925000 165.8
1930000 132.2
1935000 128.5
1940000 131.0
1945000 112.9
1950000 94.2
1955000 93.8
1960000 111.4
1965000 94.1
1970000 111.5
1975000 130.4
1980000 57.3
1985000 130.6
1990000 168.5
1995000 130.3
2000000 108.4
