5000 0.0
10000 0.0
15000 0.0
20000 0.0
25000 0.1
30000 0.0
35000 0.0
40000 0.3
45000 0.0
50000 0.0
55000 0.0
60000 0.0
65000 0.0
70000 0.0
75000 0.7
80000 0.6
85000 0.9
90000 0.0
95000 0.3
100000 0.0
105000 0.0
110000 1.3
115000 1.2
120000 6.2
125000 2.6
130000 5.5
135000 2.5
140000 11.4
145000 21.2
150000 21.6
155000 24.9
160000 34.0
165000 21.3
170000 32.7
175000 41.0
180000 35.7
185000 30.6
190000 22.7
195000 31.1
200000 67.9
205000 34.8
210000 19.0
215000 38.6
220000 18.7
225000 52.2
230000 53.4
235000 84.8
240000 20.3
245000 70.4
250000 51.1
255000 69.4
260000 55.5
265000 13.2
270000 87.4
275000 70.4
280000 45.8
285000 73.8
290000 63.2
295000 76.1
300000 95.6
305000 93.8
310000 65.0
315000 85.2
320000 116.7
325000 50.9
330000 50.5
335000 89.3
340000 142.8
345000 70.2
350000 55.1
355000 107.0
360000 105.4
365000 70.3
370000 35.3
375000 91.5
380000 90.5
385000 56.3
390000 71.7
395000 128.1
400000 17.1
405000 109.5
410000 101.2
415000 145.7
420000 92.2
425000 96.2
430000 55.1
435000 37.4
440000 90.7
445000 55.3
450000 75.0
455000 143.0
460000 110.2
465000 115.8
470000 113.2
475000 76.0
480000 44.4
485000 55.9
490000 95.1
495000 96.2
500000 36.4
505000 99.2
510000 77.0
515000 38.1
520000 159.1
525000 93.3
530000 80.0
535000 72.5
540000 98.0
545000 79.7
550000 100.9
555000 78.7
560000 137.6
565000 101.7
570000 81.8
575000 81.9
580000 145.0
585000 121.5
590000 61.6
595000 126.5
600000 83.4
605000 58.4
610000 143.6
615000 62.6
620000 143.7
625000 123.9
630000 62.4
635000 105.6
640000 83.2
645000 102.6
650000 21.0
655000 63.2
660000 63.7
665000 148.7
670000 21.3
675000 85.6
680000 104.8
685000 127.9
690000 63.1
695000 41.9
700000 40.9
705000 85.2
710000 21.1
715000 81.8
720000 41.7
725000 105.4
730000 105.4
735000 126.5
740000 126.1
745000 125.4
750000 86.5
755000 86.0
760000 104.7
765000 108.3
770000 145.2
775000 127.0
780000 86.5
785000 150.8
790000 130.0
795000 86.9
800000 127.0
805000 85.6
810000 63.4
815000 64.6
820000 85.6
825000 63.7
830000 108.4
835000 86.3
840000 107.8
845000 148.0
850000 84.2
855000 61.5
860000 59.1
865000 63.4
870000 106.3
875000 64.1
880000 43.2
885000 41.5
890000 128.8
895000 125.2
900000 146.2
905000 170.9
910000 42.9
915000 150.0
920000 106.2
925000 107.4
930000 61.6
935000 128.1
940000 125.2
945000 83.6
950000 127.3
955000 149.8
960000 85.3
965000 107.4
970000 105.5
975000 63.3
980000 64.8
985000 128.6
990000 108.5
995000 129.4
1000000 106.9
1005000 106.5
1010000 83.4
1015000 139.3
1020000 82.2
1025000 118.7
1030000 86.0
1035000 64.3
1040000 80.7
1045000 65.0
1050000 152.9
1055000 83.2
1060000 21.7
1065000 151.6
1070000 22.0
1075000 154.9
1080000 110.3
1085000 131.6
1090000 87.5
1095000 131.3
1100000 154.4
1105000 66.7
1110000 65.4
1115000 113.0
1120000 112.2
1125000 109.6
1130000 87.8
1135000 109.9
1140000 131.6
1145000 89.9
1150000 90.3
1155000 44.9
1160000 66.0
1165000 111.6
1170000 90.6
1175000 69.0
1180000 22.8
1185000 107.0
1190000 108.8
1195000 66.4
1200000 89.0
1205000 66.2
1210000 91.3
1215000 112.1
1220000 68.4
1225000 134.2
1230000 112.9
1235000 135.0
1240000 133.6
1245000 87.8
1250000 110.1
1255000 66.1
1260000 90.6
1265000 66.2
1270000 130.3
1275000 149.2
1280000 90.5
1285000 67.5
1290000 68.4
1295000 44.2
1300000 177.1
1305000 112.6
1310000 66.5
1315000 112.9
1320000 66.9
1325000 90.3
1330000 88.0
1335000 131.8
1340000 180.2
1345000 88.6
1350000 134.7
1355000 110.2
1360000 114.5
1365000 108.1
1370000 110.3
1375000 67.2
1380000 90.9
1385000 89.9
1390000 45.6
1395000 115.2
1400000 90.8
1405000 136.4
1410000 67.4
1415000 157.4
1420000 89.4
1425000 66.3
1430000 89.9
1435000 45.5
1440000 112.4
1445000 90.6
1450000 136.6
1455000 135.5
1460000 112.5
1465000 111.7
1470000 113.3
1475000 114.2
1480000 135.7
1485000 45.9
1490000 111.5
1495000 157.1
1500000 112.5
1505000 112.0
1510000 89.7
1515000 159.5
1520000 114.6
1525000 114.8
1530000 45.7
1535000 89.7
1540000 68.8
1545000 136.4
1550000 136.2
1555000 45.9
1560000 137.0
1565000 182.7
1570000 86.7
1575000 45.5
1580000 114.3
1585000 89.6
1590000 133.2
1595000 44.8
1600000 113.2
1605000 137.4
1610000 159.4
1615000 136.6
1620000 133.5
1625000 88.5
1630000 159.9
1635000 112.7
1640000 134.6
1645000 179.5
1650000 69.6
1655000 94.3
1660000 91.9
1665000 69.6
1670000 113.6
1675000 112.9
1680000 68.9
1685000 91.5
1690000 69.2
1695000 68.0
1700000 68.6
1705000 136.4
1710000 116.1
1715000 136.7
1720000 136.2
1725000 93.1
1730000 90.6
1735000 137.1
1740000 69.8
1745000 111.5
1750000 160.3
1755000 113.4
1760000 135.4
1765000 69.5
1770000 42.5
1775000 160.0
1780000 21.9
1785000 93.0
1790000 68.5
1795000 112.4
1800000 22.7
1805000 69.4
1810000 92.6
1815000 69.0
1820000 114.8
1825000 206.5
1830000 68.5
1835000 46.4
1840000 114.1
1845000 137.0
1850000 91.3
1855000 45.6
1860000 93.2
1865000 93.3
1870000 71.1
1875000 69.7
1880000 158.6
1885000 115.5
1890000 86.8
1895000 114.6
1900000 68.8
1905000 24.0
1910000 209.7
1915000 90.1
1920000 139.5
1925000 114.3
1930000 92.3
1935000 90.5
1940000 93.9
1945000 116.1
1950000 162.6
1955000 93.0
1960000 162.8
1965000 161.8
1970000 91.7
1975000 91.7
1980000 71.1
1985000 23.7
1990000 162.2
1995000 135.8
2000000 116.7
