5000 0.0
10000 0.4
15000 0.0
20000 0.0
25000 0.1
30000 0.1
35000 0.2
40000 1.6
45000 0.1
50000 0.0
55000 1.1
60000 7.8
65000 3.9
70000 2.9
75000 0.3
80000 4.2
85000 34.2
90000 27.8
95000 45.2
100000 31.1
105000 7.0
110000 2.3
115000 43.0
120000 65.8
125000 36.8
130000 10.6
135000 62.6
140000 92.9
145000 77.4
150000 131.8
155000 108.3
160000 140.6
165000 138.2
170000 145.3
175000 134.2
180000 122.8
185000 109.4
190000 136.0
195000 172.3
200000 153.0
205000 117.4
210000 170.1
215000 171.5
220000 138.7
225000 152.3
230000 180.0
235000 189.2
240000 178.7
245000 178.0
250000 168.3
255000 179.0
260000 171.2
265000 172.3
270000 178.9
275000 136.9
280000 173.6
285000 161.2
290000 173.5
295000 192.5
300000 178.7
305000 177.7
310000 200.1
315000 201.1
320000 211.2
325000 187.9
330000 197.8
335000 208.0
340000 199.6
345000 213.9
350000 209.0
355000 201.3
360000 199.7
365000 214.1
370000 222.5
375000 212.8
380000 194.1
385000 206.7
390000 219.9
395000 195.3
400000 195.8
405000 219.4
410000 219.2
415000 199.8
420000 216.2
425000 224.8
430000 218.1
435000 228.1
440000 225.3
445000 224.1
450000 202.4
455000 198.1
460000 222.5
465000 220.8
470000 206.3
475000 201.9
480000 225.9
485000 223.7
490000 223.0
495000 202.1
500000 215.1
505000 232.9
510000 221.0
515000 227.0
520000 225.9
525000 233.1
530000 233.1
535000 229.9
540000 221.6
545000 230.4
550000 232.5
555000 225.0
560000 222.1
565000 231.9
570000 235.8
575000 225.6
580000 237.0
585000 234.6
590000 229.2
595000 232.6
600000 234.8
605000 231.2
610000 235.7
615000 235.8
620000 231.3
625000 216.3
630000 228.2
635000 238.4
640000 236.8
645000 230.2
650000 220.3
655000 233.9
660000 231.1
665000 231.2
670000 236.9
675000 237.6
680000 239.6
685000 232.9
690000 228.2
695000 237.3
700000 238.2
705000 236.6
710000 215.2
715000 240.4
720000 240.3
725000 242.4
730000 237.8
735000 240.6
740000 241.5
745000 237.8
750000 240.2
755000 240.0
760000 235.0
765000 242.2
770000 240.5
775000 239.7
780000 241.8
785000 241.6
790000 238.2
795000 243.4
800000 242.8
805000 237.6
810000 219.9
815000 236.1
820000 238.8
825000 242.4
830000 235.4
835000 242.5
840000 244.1
845000 220.6
850000 242.5
855000 216.4
860000 245.2
865000 243.8
870000 244.7
875000 243.3
880000 240.0
885000 241.8
890000 247.9
895000 216.5
900000 245.8
905000 244.6
910000 246.5
915000 249.9
920000 243.2
925000 245.3
930000 248.7
935000 246.4
940000 244.4
945000 222.9
950000 246.3
955000 241.0
960000 245.8
965000 244.6
970000 219.0
975000 243.3
980000 246.4
985000 239.3
990000 247.8
995000 244.7
1000000 248.9
1005000 213.0
1010000 242.0
1015000 252.6
1020000 218.2
1025000 225.5
1030000 246.2
1035000 249.6
1040000 242.0
1045000 233.5
1050000 227.6
1055000 179.5
1060000 258.0
1065000 228.2
1070000 258.7
1075000 254.8
1080000 229.4
1085000 249.8
1090000 251.4
1095000 225.1
1100000 228.1
1105000 249.9
1110000 258.3
1115000 229.1
1120000 256.1
1125000 260.4
1130000 230.1
1135000 252.6
1140000 259.7
1145000 253.8
1150000 234.4
1155000 260.2
1160000 236.3
1165000 230.7
1170000 261.1
1175000 206.9
1180000 264.3
1185000 266.0
1190000 232.5
1195000 259.4
1200000 205.3
1205000 207.0
1210000 233.6
1215000 226.7
1220000 265.7
1225000 260.5
1230000 233.8
1235000 259.2
1240000 264.3
1245000 256.0
1250000 261.1
1255000 261.3
1260000 255.5
1265000 260.6
1270000 251.9
1275000 261.2
1280000 255.9
1285000 261.2
1290000 265.5
1295000 257.7
1300000 261.3
1305000 265.3
1310000 256.7
1315000 261.1
1320000 265.4
1325000 264.9
1330000 237.8
1335000 261.5
1340000 263.8
1345000 239.7
1350000 257.3
1355000 266.5
1360000 269.3
1365000 238.3
1370000 262.8
1375000 268.1
1380000 264.4
1385000 262.7
1390000 241.8
1395000 263.3
1400000 264.4
1405000 240.9
1410000 266.1
1415000 251.5
1420000 266.5
1425000 237.3
1430000 267.9
1435000 265.5
1440000 266.8
1445000 262.3
1450000 260.1
1455000 263.5
1460000 241.9
1465000 268.9
1470000 241.5
1475000 266.7
1480000 258.6
1485000 259.7
1490000 264.2
1495000 267.1
1500000 214.5
1505000 267.6
1510000 266.4
1515000 266.4
1520000 267.8
1525000 269.0
1530000 264.9
1535000 268.7
1540000 239.3
1545000 267.5
1550000 270.0
1555000 268.6
1560000 244.6
1565000 265.7
1570000 270.5
1575000 266.9
1580000 264.2
1585000 272.5
1590000 267.9
1595000 263.9
1600000 266.4
1605000 267.2
1610000 263.2
1615000 268.7
1620000 270.2
1625000 272.9
1630000 265.4
1635000 265.4
1640000 241.2
1645000 269.2
1650000 267.5
1655000 273.1
1660000 268.4
1665000 268.6
1670000 270.7
1675000 270.9
1680000 269.4
1685000 264.8
1690000 268.7
1695000 270.9
1700000 263.2
1705000 269.9
1710000 266.1
1715000 268.2
1720000 268.8
1725000 267.4
1730000 260.9
1735000 267.8
1740000 265.5
1745000 265.4
1750000 267.8
1755000 239.2
1760000 259.5
1765000 262.8
1770000 270.5
1775000 267.4
1780000 266.3
1785000 264.4
1790000 269.9
1795000 275.7
1800000 265.2
1805000 268.4
1810000 268.8
1815000 266.0
1820000 265.9
1825000 268.8
1830000 267.8
1835000 271.6
1840000 266.6
1845000 259.7
1850000 261.1
1855000 271.4
1860000 269.5
1865000 258.2
1870000 266.8
1875000 272.0
1880000 270.3
1885000 269.0
1890000 271.0
1895000 269.1
1900000 272.4
1905000 267.9
1910000 270.3
1915000 268.0
1920000 270.9
1925000 268.3
1930000 270.7
1935000 263.3
1940000 273.3
1945000 262.4
1950000 271.6
1955000 242.7
1960000 270.3
1965000 261.3
1970000 264.6
1975000 272.8
1980000 254.0
1985000 272.4
1990000 264.2
1995000 270.8
2000000 272.2
