5000 0.0
10000 0.0
15000 0.0
20000 0.0
25000 0.0
30000 0.0
35000 0.1
40000 0.0
45000 0.1
50000 0.0
55000 0.9
60000 0.0
65000 0.0
70000 0.0
75000 0.0
80000 0.0
85000 0.0
90000 0.0
95000 0.0
100000 0.0
105000 0.0
110000 0.0
115000 0.1
120000 0.0
125000 0.0
130000 2.5
135000 0.3
140000 0.0
145000 0.1
150000 0.3
155000 0.0
160000 0.0
165000 0.0
170000 0.0
175000 0.0
180000 0.0
185000 0.2
190000 0.7
195000 3.5
200000 0.4
205000 3.8
210000 1.8
215000 30.6
220000 24.9
225000 48.9
230000 26.3
235000 43.5
240000 34.1
245000 44.0
250000 46.7
255000 59.8
260000 77.8
265000 61.6
270000 8.9
275000 68.0
280000 41.6
285000 75.5
290000 62.9
295000 15.5
300000 76.4
305000 47.7
310000 67.4
315000 83.5
320000 52.0
325000 37.2
330000 19.0
335000 102.5
340000 77.4
345000 92.8
350000 36.6
355000 40.3
360000 90.5
365000 55.8
370000 55.9
375000 99.1
380000 59.9
385000 86.8
390000 111.7
395000 65.9
400000 119.9
405000 110.8
410000 89.1
415000 90.7
420000 68.7
425000 136.0
430000 86.3
435000 39.6
440000 45.0
445000 90.0
450000 106.2
455000 90.3
460000 170.6
465000 157.4
470000 87.2
475000 64.5
480000 69.3
485000 93.5
490000 89.9
495000 133.8
500000 112.7
505000 115.2
510000 84.9
515000 113.0
520000 133.4
525000 115.5
530000 69.1
535000 92.0
540000 115.9
545000 93.6
550000 160.6
555000 70.6
560000 46.9
565000 113.8
570000 92.4
575000 70.3
580000 140.0
585000 71.3
590000 70.4
595000 71.7
600000 165.9
605000 167.1
610000 165.3
615000 71.0
620000 90.4
625000 211.7
630000 117.5
635000 94.4
640000 94.1
645000 114.6
650000 72.5
655000 67.7
660000 118.4
665000 117.2
670000 124.6
675000 120.4
680000 97.0
685000 140.4
690000 121.8
695000 96.4
700000 143.5
705000 143.8
710000 97.1
715000 144.3
720000 171.3
725000 119.4
730000 123.6
735000 95.8
740000 98.7
745000 50.0
750000 164.8
755000 122.3
760000 122.2
765000 118.9
770000 144.2
775000 149.8
780000 72.4
785000 98.4
790000 119.9
795000 122.9
800000 148.3
805000 125.4
810000 123.7
815000 99.7
820000 102.1
825000 122.1
830000 146.8
835000 169.5
840000 173.0
845000 74.5
850000 150.3
855000 98.2
860000 148.3
865000 176.2
870000 75.3
875000 125.0
880000 122.0
885000 126.2
890000 128.0
895000 221.0
900000 149.4
905000 49.6
910000 149.2
915000 173.1
920000 126.0
925000 174.3
930000 98.4
935000 76.4
940000 151.1
945000 102.3
950000 126.7
955000 126.0
960000 124.9
965000 99.9
970000 144.7
975000 100.9
980000 150.6
985000 203.6
990000 122.4
995000 74.5
1000000 149.7
1005000 79.1
1010000 145.8
1015000 77.0
1020000 101.7
1025000 206.3
1030000 124.9
1035000 203.1
1040000 147.4
1045000 130.3
1050000 105.3
1055000 128.4
1060000 104.4
1065000 129.0
1070000 176.2
1075000 127.4
1080000 154.0
1085000 156.4
1090000 133.0
1095000 129.9
1100000 80.7
1105000 184.7
1110000 159.0
1115000 161.1
1120000 110.7
1125000 104.8
1130000 106.1
1135000 133.7
1140000 107.9
1145000 81.0
1150000 53.3
1155000 211.8
1160000 104.3
1165000 106.5
1170000 131.4
1175000 107.5
1180000 135.1
1185000 104.1
1190000 134.3
1195000 134.1
1200000 130.7
1205000 154.7
1210000 104.7
1215000 78.9
1220000 0.5
1225000 0.1
1230000 3.8
1235000 5.8
1240000 66.7
1245000 132.2
1250000 67.2
1255000 87.1
1260000 126.1
1265000 52.5
1270000 103.5
1275000 102.8
1280000 130.8
1285000 74.9
1290000 128.6
1295000 182.5
1300000 101.7
1305000 204.7
1310000 130.1
1315000 154.3
1320000 153.7
1325000 156.5
1330000 131.8
1335000 129.8
1340000 132.6
1345000 157.7
1350000 188.0
1355000 187.1
1360000 54.3
1365000 134.4
1370000 163.2
1375000 106.2
1380000 163.1
1385000 108.0
1390000 186.8
1395000 81.7
1400000 81.5
1405000 107.1
1410000 191.8
1415000 135.7
1420000 136.1
1425000 131.4
1430000 136.9
1435000 81.7
1440000 215.8
1445000 159.7
1450000 137.3
1455000 131.8
1460000 107.6
1465000 162.0
1470000 133.0
1475000 159.3
1480000 158.6
1485000 80.7
1490000 161.9
1495000 108.2
1500000 191.8
1505000 162.1
1510000 108.5
1515000 135.8
1520000 138.1
1525000 107.8
1530000 160.3
1535000 162.1
1540000 134.9
1545000 161.8
1550000 136.2
1555000 108.1
1560000 136.8
1565000 133.4
1570000 161.4
1575000 108.0
1580000 106.4
1585000 137.5
1590000 26.2
1595000 136.7
1600000 191.3
1605000 136.5
1610000 189.8
1615000 135.2
1620000 194.7
1625000 192.1
1630000 137.7
1635000 108.1
1640000 53.7
1645000 190.1
1650000 81.9
1655000 162.0
1660000 136.7
1665000 162.4
1670000 137.9
1675000 216.4
1680000 138.5
1685000 164.3
1690000 191.3
1695000 162.3
1700000 138.8
1705000 247.1
1710000 107.8
1715000 221.5
1720000 161.1
1725000 139.3
1730000 165.2
1735000 196.9
1740000 207.1
1745000 191.1
1750000 137.6
1755000 217.7
1760000 110.2
1765000 109.6
1770000 137.2
1775000 137.5
1780000 138.2
1785000 138.2
1790000 167.8
1795000 111.4
1800000 163.9
1805000 163.3
1810000 162.8
1815000 107.7
1820000 168.6
1825000 109.3
1830000 137.2
1835000 193.8
1840000 136.9
1845000 136.0
1850000 137.3
1855000 194.2
1860000 167.1
1865000 222.3
1870000 168.2
1875000 167.7
1880000 166.4
1885000 223.9
1890000 138.4
1895000 195.0
1900000 195.6
1905000 167.4
1910000 137.2
1915000 109.7
1920000 195.2
1925000 110.7
1930000 164.5
1935000 244.6
1940000 168.5
1945000 193.2
1950000 55.4
1955000 195.6
1960000 224.3
1965000 110.6
1970000 140.8
1975000 139.5
1980000 167.0
1985000 194.4
1990000 194.1
1995000 111.2
2000000 222.3
