5000 0.0
10000 0.0
15000 1.0
20000 0.7
25000 0.0
30000 0.0
35000 0.2
40000 1.0
45000 1.9
50000 0.0
55000 0.2
60000 2.3
65000 0.6
70000 0.8
75000 0.9
80000 0.4
85000 2.2
90000 0.0
95000 0.0
100000 3.3
105000 3.7
110000 0.5
115000 4.2
120000 27.3
125000 17.1
130000 26.5
135000 13.6
140000 57.4
145000 88.4
150000 88.4
155000 108.0
160000 96.2
165000 120.8
170000 146.8
175000 136.9
180000 149.7
185000 114.0
190000 163.8
195000 133.1
200000 165.1
205000 179.2
210000 167.4
215000 166.8
220000 169.7
225000 183.2
230000 182.1
235000 186.6
240000 187.3
245000 185.5
250000 194.5
255000 188.4
260000 183.9
265000 202.4
270000 204.4
275000 187.3
280000 202.9
285000 180.5
290000 208.5
295000 167.4
300000 212.2
305000 182.2
310000 207.9
315000 211.6
320000 207.6
325000 208.2
330000 211.0
335000 211.0
340000 218.3
345000 214.5
350000 214.3
355000 210.3
360000 197.1
365000 217.8
370000 204.3
375000 195.2
380000 222.4
385000 227.6
390000 206.6
395000 223.7
400000 178.3
405000 222.3
410000 229.6
415000 228.5
420000 226.4
425000 226.7
430000 229.0
435000 230.7
440000 229.4
445000 227.4
450000 208.9
455000 230.9
460000 229.5
465000 227.9
470000 234.4
475000 206.9
480000 233.6
485000 213.5
490000 230.4
495000 235.9
500000 235.4
505000 240.5
510000 213.7
515000 198.7
520000 232.5
525000 231.6
530000 241.8
535000 243.5
540000 235.4
545000 234.6
550000 243.7
555000 240.3
560000 243.5
565000 241.6
570000 239.3
575000 239.1
580000 216.6
585000 239.3
590000 240.5
595000 243.6
600000 194.1
605000 249.3
610000 242.1
615000 241.9
620000 247.7
625000 245.4
630000 218.0
635000 250.2
640000 245.2
645000 242.1
650000 241.9
655000 240.8
660000 246.3
665000 220.9
670000 249.0
675000 247.9
680000 242.9
685000 242.2
690000 251.4
695000 247.4
700000 247.1
705000 242.7
710000 249.3
715000 250.6
720000 249.6
725000 251.5
730000 223.8
735000 224.0
740000 249.1
745000 250.0
750000 250.1
755000 227.1
760000 248.5
765000 229.4
770000 250.7
775000 253.6
780000 252.2
785000 254.6
790000 255.3
795000 250.2
800000 253.5
805000 251.5
810000 256.2
815000 252.5
820000 251.7
825000 255.3
830000 249.8
835000 255.0
840000 258.8
845000 232.3
850000 249.1
855000 252.8
860000 260.1
865000 256.4
870000 254.5
875000 253.8
880000 257.5
885000 253.5
890000 260.2
895000 254.6
900000 258.7
905000 231.3
910000 256.4
915000 258.3
920000 235.5
925000 257.9
930000 258.2
935000 254.5
940000 256.1
945000 258.7
950000 253.4
955000 258.5
960000 260.6
965000 254.9
970000 257.8
975000 259.9
980000 260.0
985000 258.3
990000 261.0
995000 261.1
1000000 257.4
1005000 261.8
1010000 254.7
1015000 254.9
1020000 252.3
1025000 258.1
1030000 242.7
1035000 270.9
1040000 271.0
1045000 249.4
1050000 266.6
1055000 269.5
1060000 274.1
1065000 273.4
1070000 280.1
1075000 271.8
1080000 275.3
1085000 269.8
1090000 243.7
1095000 269.1
1100000 276.3
1105000 251.0
1110000 284.1
1115000 280.1
1120000 271.5
1125000 271.4
1130000 287.4
1135000 252.3
1140000 267.6
1145000 275.8
1150000 279.0
1155000 255.3
1160000 274.5
1165000 279.0
1170000 283.1
1175000 285.2
1180000 284.7
1185000 286.3
1190000 281.5
1195000 253.0
1200000 283.0
1205000 281.4
1210000 235.0
1215000 284.7
1220000 266.8
1225000 289.2
1230000 283.0
1235000 257.1
1240000 279.5
1245000 283.8
1250000 287.5
1255000 286.4
1260000 284.2
1265000 288.7
1270000 286.1
1275000 278.8
1280000 283.7
1285000 286.0
1290000 287.8
1295000 292.5
1300000 286.2
1305000 286.2
1310000 265.2
1315000 271.2
1320000 280.7
1325000 275.4
1330000 256.1
1335000 285.8
1340000 289.7
1345000 290.1
1350000 289.7
1355000 287.4
1360000 283.8
1365000 292.1
1370000 276.5
1375000 291.1
1380000 282.1
1385000 291.0
1390000 288.5
1395000 283.2
1400000 293.6
1405000 292.8
1410000 293.5
1415000 293.1
1420000 261.8
1425000 282.6
1430000 266.5
1435000 295.4
1440000 262.3
1445000 291.4
1450000 293.5
1455000 293.9
1460000 291.4
1465000 291.0
1470000 294.0
1475000 264.3
1480000 267.7
1485000 286.5
1490000 290.8
1495000 298.7
1500000 289.0
1505000 289.1
1510000 292.4
1515000 271.7
1520000 293.4
1525000 283.4
1530000 294.4
1535000 260.9
1540000 294.7
1545000 287.1
1550000 264.9
1555000 294.5
1560000 261.9
1565000 294.6
1570000 259.5
1575000 296.3
1580000 289.2
1585000 297.8
1590000 263.6
1595000 288.4
1600000 298.9
1605000 295.6
1610000 293.1
1615000 282.9
1620000 294.2
1625000 264.7
1630000 298.3
1635000 297.4
1640000 297.6
1645000 297.3
1650000 294.8
1655000 298.2
1660000 280.3
1665000 291.6
1670000 291.9
1675000 224.3
1680000 293.6
1685000 295.8
1690000 295.9
1695000 297.4
1700000 299.6
1705000 300.4
1710000 298.1
1715000 292.9
1720000 295.5
1725000 299.7
1730000 292.0
1735000 265.4
1740000 299.2
1745000 299.9
1750000 295.2
1755000 293.7
1760000 302.5
1765000 296.9
1770000 270.9
1775000 298.1
1780000 301.9
1785000 295.5
1790000 297.4
1795000 279.6
1800000 298.0
1805000 300.6
1810000 301.1
1815000 303.1
1820000 298.5
1825000 281.5
1830000 293.5
1835000 297.8
1840000 300.9
1845000 299.4
1850000 285.7
1855000 288.9
1860000 298.4
1865000 299.3
1870000 299.3
1875000 291.1
1880000 300.1
1885000 268.6
1890000 304.0
1895000 301.5
1900000 304.0
1905000 286.7
1910000 302.2
1915000 298.5
1920000 285.4
1925000 297.8
1930000 297.7
1935000 301.2
1940000 296.8
1945000 296.9
1950000 300.5
1955000 299.7
1960000 287.4
1965000 296.5
1970000 304.1
1975000 291.1
1980000 295.7
1985000 301.3
1990000 298.8
1995000 301.7
2000000 302.4
