5000 0.0
10000 0.0
15000 0.0
20000 0.7
25000 0.0
30000 0.0
35000 0.1
40000 0.4
45000 0.0
50000 0.0
55000 0.0
60000 0.0
65000 0.0
70000 0.7
75000 0.1
80000 0.0
85000 0.0
90000 0.3
95000 0.0
100000 0.3
105000 0.0
110000 0.5
115000 0.0
120000 0.7
125000 10.4
130000 0.6
135000 0.5
140000 0.9
145000 9.0
150000 38.2
155000 72.6
160000 12.1
165000 16.5
170000 38.8
175000 39.3
180000 23.3
185000 17.2
190000 45.9
195000 36.2
200000 28.0
205000 7.4
210000 9.8
215000 62.2
220000 54.9
225000 28.4
230000 56.6
235000 29.3
240000 19.7
245000 49.6
250000 40.0
255000 37.9
260000 21.8
265000 29.4
270000 29.7
275000 66.0
280000 28.8
285000 82.9
290000 52.2
295000 40.6
300000 77.8
305000 60.9
310000 54.0
315000 69.6
320000 56.4
325000 31.4
330000 69.4
335000 34.6
340000 22.3
345000 54.5
350000 59.9
355000 44.5
360000 94.5
365000 47.4
370000 90.1
375000 35.2
380000 74.4
385000 69.4
390000 53.7
395000 45.8
400000 52.8
405000 35.5
410000 24.6
415000 49.5
420000 73.3
425000 48.8
430000 12.3
435000 37.3
440000 89.6
445000 61.9
450000 49.3
455000 85.4
460000 64.8
465000 49.4
470000 78.8
475000 67.1
480000 50.6
485000 100.7
490000 44.0
495000 53.0
500000 62.5
505000 62.7
510000 37.0
515000 76.6
520000 65.7
525000 73.3
530000 64.5
535000 39.4
540000 63.3
545000 61.3
550000 67.3
555000 81.0
560000 51.0
565000 78.0
570000 93.5
575000 51.7
580000 121.6
585000 73.5
590000 82.0
595000 82.9
600000 99.2
605000 67.4
610000 107.3
615000 89.6
620000 40.8
625000 65.5
630000 85.0
635000 69.7
640000 61.9
645000 41.6
650000 67.3
655000 24.9
660000 42.9
665000 55.7
670000 124.8
675000 99.8
680000 69.5
685000 69.7
690000 88.6
695000 113.8
700000 43.7
705000 80.6
710000 81.6
715000 59.5
720000 130.0
725000 85.8
730000 57.2
735000 70.9
740000 29.0
745000 98.2
750000 100.0
755000 27.8
760000 75.3
765000 70.3
770000 72.5
775000 99.3
780000 59.7
785000 41.7
790000 72.2
795000 87.0
800000 89.0
805000 109.3
810000 86.8
815000 51.8
820000 59.0
825000 88.3
830000 43.4
835000 58.0
840000 99.4
845000 88.3
850000 96.4
855000 96.4
860000 29.4
865000 105.8
870000 89.6
875000 101.3
880000 89.5
885000 75.1
890000 58.3
895000 108.9
900000 74.6
905000 91.4
910000 91.7
915000 120.6
920000 90.2
925000 65.4
930000 82.6
935000 104.6
940000 73.4
945000 43.1
950000 108.3
955000 91.4
960000 68.5
965000 120.8
970000 90.3
975000 75.7
980000 108.3
985000 99.2
990000 46.4
995000 123.4
1000000 93.8
1005000 130.2
1010000 57.3
1015000 108.1
1020000 46.4
1025000 95.6
1030000 89.0
1035000 102.6
1040000 93.1
1045000 58.2
1050000 61.9
1055000 48.4
1060000 15.5
1065000 79.5
1070000 32.0
1075000 81.5
1080000 65.4
1085000 43.8
1090000 62.6
1095000 48.7
1100000 32.3
1105000 65.6
1110000 66.2
1115000 64.6
1120000 79.6
1125000 83.2
1130000 33.1
1135000 64.2
1140000 65.0
1145000 46.3
1150000 81.7
1155000 79.6
1160000 82.4
1165000 81.2
1170000 76.2
1175000 62.0
1180000 47.4
1185000 84.4
1190000 16.2
1195000 89.0
1200000 60.2
1205000 67.0
1210000 97.8
1215000 82.7
1220000 64.3
1225000 79.8
1230000 99.6
1235000 67.5
1240000 32.8
1245000 14.0
1250000 144.2
1255000 61.8
1260000 98.7
1265000 82.3
1270000 97.0
1275000 50.2
1280000 99.6
1285000 80.7
1290000 81.6
1295000 82.7
1300000 65.8
1305000 136.6
1310000 31.0
1315000 116.5
1320000 84.6
1325000 69.4
1330000 62.5
1335000 102.0
1340000 134.9
1345000 79.8
1350000 84.7
1355000 68.1
1360000 98.4
1365000 64.7
1370000 34.3
1375000 66.7
1380000 49.5
1385000 48.9
1390000 66.3
1395000 48.5
1400000 67.9
1405000 103.3
1410000 84.4
1415000 33.6
1420000 68.3
1425000 83.6
1430000 66.9
1435000 69.7
1440000 79.3
1445000 50.8
1450000 83.6
1455000 83.8
1460000 80.8
1465000 133.0
1470000 64.0
1475000 100.4
1480000 152.9
1485000 118.3
1490000 68.5
1495000 81.8
1500000 85.2
1505000 33.6
1510000 96.1
1515000 67.0
1520000 101.5
1525000 100.2
1530000 50.9
1535000 81.6
1540000 51.0
1545000 101.9
1550000 91.4
1555000 50.8
1560000 50.8
1565000 86.9
1570000 118.4
1575000 68.8
1580000 102.8
1585000 99.3
1590000 86.3
1595000 86.2
1600000 102.6
1605000 99.5
1610000 118.0
1615000 154.3
1620000 49.9
1625000 137.1
1630000 68.8
1635000 104.7
1640000 87.6
1645000 85.1
1650000 66.0
1655000 34.8
1660000 83.4
1665000 51.6
1670000 68.4
1675000 84.5
1680000 119.9
1685000 139.4
1690000 69.3
1695000 103.7
1700000 67.0
1705000 135.9
1710000 140.7
1715000 51.1
1720000 132.9
1725000 102.7
1730000 153.7
1735000 69.3
1740000 104.3
1745000 103.8
1750000 101.6
1755000 86.3
1760000 52.6
1765000 121.0
1770000 33.8
1775000 87.3
1780000 68.5
1785000 103.6
1790000 131.8
1795000 121.3
1800000 122.1
1805000 152.5
1810000 104.4
1815000 123.0
1820000 103.0
1825000 104.0
1830000 120.0
1835000 168.1
1840000 82.6
1845000 104.1
1850000 52.8
1855000 103.9
1860000 88.9
1865000 138.6
1870000 139.8
1875000 88.7
1880000 121.4
1885000 140.1
1890000 130.8
1895000 118.0
1900000 137.3
1905000 124.2
1910000 88.7
1915000 103.4
1920000 70.3
1925000 70.3
1930000 122.3
1935000 122.0
1940000 84.5
1945000 121.8
1950000 105.3
1955000 137.3
1960000 85.7
1965000 141.0
1970000 68.5
1975000 17.5
1980000 118.2
1985000 123.1
1990000 101.6
1995000 95.6
2000000 67.2
