5000 0.0
10000 0.0
15000 0.0
20000 0.0
25000 0.0
30000 0.0
35000 0.0
40000 0.0
45000 0.0
50000 0.0
55000 0.0
60000 0.0
65000 0.0
70000 0.7
75000 0.0
80000 0.0
85000 0.0
90000 0.0
95000 0.0
100000 0.0
105000 0.0
110000 1.1
115000 0.0
120000 0.0
125000 0.0
130000 0.0
135000 0.1
140000 0.0
145000 0.0
150000 0.0
155000 0.0
160000 0.0
165000 0.0
170000 0.0
175000 1.1
180000 0.0
185000 0.9
190000 0.1
195000 0.7
200000 0.2
205000 0.0
210000 0.0
215000 0.0
220000 0.0
225000 0.8
230000 0.4
235000 0.1
240000 0.0
245000 2.9
250000 1.9
255000 0.0
260000 0.0
265000 1.3
270000 0.0
275000 3.2
280000 1.1
285000 0.0
290000 1.3
295000 2.1
300000 0.0
305000 1.9
310000 1.2
315000 0.0
320000 0.0
325000 1.1
330000 0.0
335000 0.0
340000 1.4
345000 2.5
350000 1.1
355000 1.9
360000 1.2
365000 0.4
370000 0.0
375000 2.8
380000 1.7
385000 0.0
390000 1.2
395000 2.0
400000 4.1
405000 0.0
410000 0.6
415000 3.1
420000 1.5
425000 0.0
430000 0.0
435000 0.0
440000 0.0
445000 0.9
450000 2.6
455000 0.0
460000 1.1
465000 0.0
470000 2.3
475000 3.3
480000 2.5
485000 0.0
490000 11.3
495000 1.5
500000 1.3
505000 2.5
510000 5.5
515000 0.0
520000 2.6
525000 10.2
530000 11.9
535000 18.9
540000 16.3
545000 23.2
550000 24.6
555000 0.0
560000 10.9
565000 20.2
570000 41.8
575000 27.4
580000 48.6
585000 22.1
590000 43.0
595000 25.7
600000 32.3
605000 45.4
610000 47.4
615000 51.1
620000 18.7
625000 57.9
630000 56.6
635000 58.5
640000 58.9
645000 42.9
650000 15.2
655000 49.1
660000 46.3
665000 30.9
670000 75.8
675000 88.4
680000 16.9
685000 99.3
690000 65.1
695000 66.9
700000 34.4
705000 76.9
710000 83.1
715000 84.8
720000 50.3
725000 67.0
730000 50.3
735000 108.5
740000 90.0
745000 66.2
750000 88.1
755000 85.0
760000 91.0
765000 89.5
770000 36.3
775000 90.1
780000 128.8
785000 73.0
790000 53.5
795000 53.9
800000 109.6
805000 59.8
810000 100.8
815000 56.9
820000 74.2
825000 91.2
830000 112.0
835000 142.3
840000 77.6
845000 127.0
850000 18.2
855000 74.2
860000 116.6
865000 78.6
870000 61.1
875000 64.4
880000 150.0
885000 131.6
890000 64.3
895000 107.7
900000 129.3
905000 155.8
910000 69.2
915000 115.2
920000 87.2
925000 44.3
930000 67.6
935000 112.7
940000 131.7
945000 136.3
950000 67.1
955000 70.0
960000 69.9
965000 118.1
970000 124.1
975000 69.1
980000 162.7
985000 44.0
990000 72.0
995000 49.1
1000000 94.9
1005000 130.4
1010000 139.5
1015000 40.8
1020000 41.0
1025000 61.4
1030000 122.8
1035000 65.6
1040000 79.9
1045000 101.1
1050000 96.5
1055000 94.6
1060000 111.7
1065000 78.1
1070000 107.9
1075000 111.2
1080000 140.3
1085000 192.2
1090000 155.2
1095000 176.9
1100000 167.3
1105000 239.3
1110000 255.1
1115000 255.5
1120000 261.0
1125000 290.4
1130000 231.7
1135000 268.8
1140000 239.5
1145000 296.5
1150000 257.0
1155000 313.4
1160000 298.9
1165000 307.5
1170000 263.6
1175000 278.9
1180000 310.5
1185000 278.8
1190000 252.2
1195000 315.3
1200000 279.1
1205000 313.6
1210000 310.0
1215000 326.3
1220000 323.0
1225000 319.5
1230000 323.0
1235000 288.3
1240000 321.2
1245000 323.4
1250000 291.5
1255000 329.9
1260000 323.3
1265000 332.2
1270000 333.1
1275000 332.2
1280000 335.0
1285000 292.0
1290000 298.0
1295000 302.6
1300000 326.4
1305000 328.5
1310000 300.0
1315000 338.3
1320000 335.0
1325000 299.8
1330000 340.5
1335000 319.1
1340000 336.9
1345000 338.3
1350000 303.3
1355000 331.8
1360000 342.1
1365000 331.7
1370000 335.1
1375000 306.1
1380000 337.4
1385000 306.2
1390000 298.3
1395000 336.0
1400000 238.0
1405000 273.5
1410000 305.0
1415000 339.5
1420000 301.5
1425000 343.6
1430000 347.5
1435000 352.4
1440000 341.0
1445000 349.2
1450000 342.6
1455000 343.7
1460000 350.3
1465000 309.8
1470000 351.3
1475000 317.9
1480000 346.4
1485000 342.6
1490000 348.3
1495000 356.2
1500000 358.1
1505000 354.4
1510000 350.4
1515000 355.8
1520000 361.2
1525000 359.1
1530000 359.9
1535000 355.8
1540000 356.9
1545000 326.7
1550000 361.2
1555000 363.4
1560000 359.0
1565000 360.0
1570000 360.3
1575000 363.7
1580000 370.1
1585000 359.1
1590000 368.8
1595000 318.7
1600000 363.9
1605000 360.7
1610000 364.2
1615000 335.9
1620000 375.3
1625000 332.8
1630000 366.0
1635000 375.3
1640000 335.1
1645000 372.9
1650000 369.1
1655000 378.7
1660000 377.2
1665000 378.0
1670000 371.1
1675000 371.9
1680000 367.0
1685000 377.2
1690000 382.2
1695000 376.6
1700000 378.6
1705000 384.1
1710000 379.0
1715000 384.0
1720000 346.5
1725000 344.6
1730000 379.4
1735000 386.7
1740000 341.1
1745000 377.5
1750000 383.4
1755000 388.7
1760000 384.9
1765000 390.0
1770000 391.3
1775000 394.1
1780000 389.1
1785000 393.7
1790000 383.8
1795000 345.4
1800000 389.7
1805000 386.5
1810000 392.8
1815000 364.3
1820000 393.3
1825000 396.4
1830000 355.2
1835000 394.5
1840000 313.3
1845000 393.1
1850000 399.3
1855000 397.4
1860000 388.1
1865000 394.3
1870000 394.4
1875000 395.4
1880000 400.7
1885000 398.5
1890000 393.9
1895000 392.8
1900000 395.9
1905000 389.6
1910000 404.1
1915000 401.9
1920000 397.5
1925000 363.6
1930000 390.1
1935000 402.5
1940000 398.2
1945000 361.2
1950000 397.3
1955000 409.7
1960000 402.1
1965000 399.3
1970000 409.5
1975000 400.7
1980000 397.8
1985000 401.4
1990000 404.8
1995000 405.2
2000000 405.9
