5000 0.0
10000 0.0
15000 0.0
20000 0.3
25000 0.0
30000 0.6
35000 0.0
40000 0.0
45000 0.0
50000 0.0
55000 0.0
60000 0.0
65000 0.0
70000 0.0
75000 0.0
80000 0.0
85000 0.0
90000 0.0
95000 0.0
100000 0.0
105000 0.4
110000 0.2
115000 0.0
120000 1.8
125000 1.3
130000 1.1
135000 1.0
140000 0.8
145000 0.1
150000 2.5
155000 0.0
160000 0.6
165000 0.0
170000 0.6
175000 1.1
180000 2.2
185000 0.0
190000 0.0
195000 0.0
200000 1.6
205000 1.0
210000 0.0
215000 0.2
220000 0.1
225000 0.4
230000 0.0
235000 4.9
240000 1.8
245000 0.9
250000 15.8
255000 1.7
260000 3.1
265000 27.4
270000 7.0
275000 21.0
280000 7.1
285000 23.0
290000 25.1
295000 7.6
300000 43.7
305000 32.2
310000 47.5
315000 14.0
320000 10.2
325000 2.7
330000 61.0
335000 49.8
340000 75.5
345000 47.5
350000 87.0
355000 68.0
360000 23.8
365000 16.1
370000 96.5
375000 23.7
380000 37.6
385000 37.0
390000 27.0
395000 122.3
400000 56.1
405000 41.2
410000 40.5
415000 27.9
420000 31.1
425000 29.8
430000 46.2
435000 73.1
440000 90.5
445000 31.3
450000 78.3
455000 76.0
460000 81.8
465000 91.3
470000 51.5
475000 94.5
480000 56.9
485000 84.0
490000 116.8
495000 49.5
500000 67.1
505000 52.0
510000 51.2
515000 68.1
520000 101.2
525000 87.8
530000 90.1
535000 95.3
540000 70.7
545000 53.1
550000 18.9
555000 107.6
560000 54.0
565000 57.9
570000 56.3
575000 52.9
580000 71.5
585000 69.4
590000 33.2
595000 107.5
600000 97.2
605000 38.9
610000 39.2
615000 60.6
620000 35.4
625000 78.1
630000 120.6
635000 77.8
640000 18.8
645000 96.2
650000 154.0
655000 95.8
660000 56.4
665000 78.5
670000 127.9
675000 76.1
680000 112.4
685000 114.0
690000 89.3
695000 56.6
700000 94.3
705000 56.3
710000 75.9
715000 38.6
720000 59.7
725000 93.0
730000 52.0
735000 175.1
740000 39.2
745000 18.0
750000 75.6
755000 75.5
760000 38.5
765000 99.3
770000 79.4
775000 100.3
780000 41.3
785000 81.9
790000 59.4
795000 124.3
800000 93.8
805000 61.5
810000 80.5
815000 61.3
820000 99.8
825000 128.2
830000 84.5
835000 104.9
840000 86.4
845000 63.0
850000 104.9
855000 82.3
860000 126.6
865000 104.2
870000 126.8
875000 65.9
880000 98.2
885000 62.6
890000 63.6
895000 65.6
900000 128.3
905000 44.7
910000 87.7
915000 87.0
920000 111.3
925000 130.2
930000 87.6
935000 105.9
940000 82.1
945000 114.6
950000 62.1
955000 84.3
960000 65.0
965000 136.4
970000 43.3
975000 87.5
980000 22.3
985000 66.4
990000 89.0
995000 135.8
1000000 44.2
1005000 64.9
1010000 36.5
1015000 83.7
1020000 142.6
1025000 128.9
1030000 101.8
1035000 98.8
1040000 127.8
1045000 68.2
1050000 94.9
1055000 90.1
1060000 23.6
1065000 68.9
1070000 107.5
1075000 94.8
1080000 127.6
1085000 42.7
1090000 67.8
1095000 145.3
1100000 127.2
1105000 118.3
1110000 90.9
1115000 145.5
1120000 98.2
1125000 167.9
1130000 98.8
1135000 147.4
1140000 120.4
1145000 126.0
1150000 47.9
1155000 226.5
1160000 75.9
1165000 92.9
1170000 152.5
1175000 130.8
1180000 104.5
1185000 129.3
1190000 77.4
1195000 131.5
1200000 23.7
1205000 78.8
1210000 184.0
1215000 103.3
1220000 103.3
1225000 127.9
1230000 81.2
1235000 185.7
1240000 54.0
1245000 52.4
1250000 122.4
1255000 140.0
1260000 102.4
1265000 187.2
1270000 131.9
1275000 161.2
1280000 154.0
1285000 133.8
1290000 106.4
1295000 108.5
1300000 182.3
1305000 108.4
1310000 128.2
1315000 160.1
1320000 226.5
1325000 104.4
1330000 157.9
1335000 187.1
1340000 225.2
1345000 152.8
1350000 191.0
1355000 180.6
1360000 148.0
1365000 157.1
1370000 246.4
1375000 258.6
1380000 243.0
1385000 268.5
1390000 239.6
1395000 252.3
1400000 259.1
1405000 220.7
1410000 267.1
1415000 239.0
1420000 266.2
1425000 266.4
1430000 263.4
1435000 248.6
1440000 266.0
1445000 237.7
1450000 235.6
1455000 183.1
1460000 215.6
1465000 269.0
1470000 263.7
1475000 229.5
1480000 264.1
1485000 267.3
1490000 268.2
1495000 259.0
1500000 259.7
1505000 240.0
1510000 270.6
1515000 274.4
1520000 268.0
1525000 269.1
1530000 266.4
1535000 258.7
1540000 263.9
1545000 257.1
1550000 266.4
1555000 269.9
1560000 268.0
1565000 264.7
1570000 276.0
1575000 273.1
1580000 272.0
1585000 268.3
1590000 265.7
1595000 268.7
1600000 242.7
1605000 270.8
1610000 270.1
1615000 266.9
1620000 264.9
1625000 274.8
1630000 267.1
1635000 267.1
1640000 272.4
1645000 273.4
1650000 265.9
1655000 244.8
1660000 270.1
1665000 269.0
1670000 276.2
1675000 243.1
1680000 278.8
1685000 272.5
1690000 269.2
1695000 274.0
1700000 267.8
1705000 272.5
1710000 274.6
1715000 277.1
1720000 271.4
1725000 270.3
1730000 276.8
1735000 273.1
1740000 269.3
1745000 269.8
1750000 275.2
1755000 271.9
1760000 265.8
1765000 274.7
1770000 277.2
1775000 273.0
1780000 273.9
1785000 278.9
1790000 278.5
1795000 271.3
1800000 273.7
1805000 276.7
1810000 274.4
1815000 274.3
1820000 274.9
1825000 252.8
1830000 275.0
1835000 271.1
1840000 274.5
1845000 247.3
1850000 276.2
1855000 273.9
1860000 278.5
1865000 277.3
1870000 249.0
1875000 277.9
1880000 274.8
1885000 274.1
1890000 273.7
1895000 285.1
1900000 280.3
1905000 280.6
1910000 272.0
1915000 270.9
1920000 276.8
1925000 282.2
1930000 282.6
1935000 281.7
1940000 277.6
1945000 285.7
1950000 276.0
1955000 284.2
1960000 276.1
1965000 286.0
1970000 280.9
1975000 285.6
1980000 282.7
1985000 284.3
1990000 276.6
1995000 281.1
2000000 277.7
