5000 0.0
10000 0.0
15000 0.1
20000 0.0
25000 0.0
30000 0.0
35000 0.1
40000 0.0
45000 0.0
50000 0.1
55000 0.0
60000 0.0
65000 0.0
70000 0.0
75000 0.0
80000 0.0
85000 0.0
90000 0.6
95000 2.3
100000 0.0
105000 0.0
110000 0.0
115000 0.3
120000 0.9
125000 1.6
130000 0.7
135000 2.3
140000 1.1
145000 3.5
150000 5.7
155000 17.4
160000 5.7
165000 0.4
170000 4.0
175000 21.9
180000 41.5
185000 38.8
190000 36.9
195000 55.3
200000 60.7
205000 40.9
210000 47.5
215000 62.6
220000 53.2
225000 33.8
230000 31.1
235000 33.8
240000 65.6
245000 51.9
250000 64.3
255000 72.2
260000 43.8
265000 87.4
270000 14.8
275000 39.5
280000 41.5
285000 76.3
290000 58.6
295000 60.7
300000 58.1
305000 48.1
310000 30.9
315000 119.6
320000 61.0
325000 62.1
330000 15.8
335000 80.6
340000 43.9
345000 62.2
350000 77.2
355000 103.2
360000 45.6
365000 42.3
370000 40.0
375000 48.3
380000 63.0
385000 70.0
390000 31.4
395000 59.8
400000 66.1
405000 78.3
410000 48.4
415000 63.7
420000 46.2
425000 97.0
430000 91.2
435000 31.8
440000 78.1
445000 111.4
450000 47.1
455000 107.8
460000 48.4
465000 65.3
470000 97.1
475000 93.6
480000 47.8
485000 45.7
490000 51.2
495000 96.6
500000 49.9
505000 65.7
510000 65.8
515000 47.5
520000 79.3
525000 114.3
530000 15.3
535000 64.8
540000 83.5
545000 131.7
550000 48.7
555000 47.9
560000 142.6
565000 33.0
570000 66.7
575000 51.0
580000 132.2
585000 66.4
590000 32.8
595000 65.6
600000 64.7
605000 16.5
610000 98.0
615000 65.4
620000 76.4
625000 49.7
630000 82.6
635000 81.9
640000 49.7
645000 47.4
650000 82.0
655000 83.9
660000 49.4
665000 16.8
670000 33.7
675000 98.8
680000 100.4
685000 64.8
690000 49.6
695000 101.7
700000 82.0
705000 51.0
710000 66.4
715000 70.7
720000 88.5
725000 117.3
730000 67.4
735000 48.2
740000 67.5
745000 101.2
750000 140.0
755000 86.7
760000 89.0
765000 52.2
770000 66.5
775000 67.0
780000 66.5
785000 17.3
790000 105.2
795000 71.6
800000 71.9
805000 35.3
810000 106.6
815000 73.8
820000 90.5
825000 72.8
830000 55.2
835000 89.6
840000 71.8
845000 109.8
850000 72.8
855000 35.6
860000 53.6
865000 37.8
870000 127.9
875000 73.8
880000 56.1
885000 93.2
890000 148.8
895000 71.2
900000 71.2
905000 148.5
910000 92.4
915000 74.6
920000 92.5
925000 70.4
930000 37.9
935000 37.3
940000 76.1
945000 77.2
950000 37.0
955000 93.2
960000 93.2
965000 37.1
970000 108.6
975000 77.9
980000 56.2
985000 56.9
990000 57.5
995000 94.8
1000000 96.1
1005000 35.8
1010000 50.8
1015000 73.7
1020000 113.5
1025000 59.8
1030000 0.0
1035000 97.2
1040000 97.6
1045000 101.3
1050000 39.7
1055000 80.3
1060000 60.8
1065000 57.8
1070000 96.1
1075000 60.9
1080000 104.3
1085000 100.8
1090000 60.1
1095000 122.9
1100000 102.5
1105000 102.8
1110000 62.7
1115000 114.4
1120000 41.0
1125000 41.8
1130000 38.8
1135000 81.9
1140000 59.9
1145000 64.3
1150000 83.6
1155000 41.9
1160000 100.8
1165000 149.9
1170000 104.7
1175000 60.6
1180000 106.6
1185000 42.9
1190000 62.6
1195000 85.4
1200000 108.0
1205000 86.0
1210000 64.4
1215000 85.0
1220000 59.4
1225000 65.4
1230000 108.1
1235000 173.3
1240000 87.9
1245000 86.3
1250000 120.1
1255000 131.6
1260000 65.5
1265000 85.4
1270000 64.8
1275000 129.6
1280000 43.0
1285000 109.1
1290000 65.0
1295000 87.1
1300000 83.7
1305000 152.9
1310000 107.7
1315000 85.5
1320000 86.1
1325000 65.6
1330000 87.6
1335000 108.1
1340000 65.1
1345000 100.5
1350000 104.8
1355000 99.4
1360000 63.2
1365000 43.5
1370000 109.2
1375000 21.9
1380000 89.2
1385000 111.3
1390000 110.2
1395000 88.8
1400000 22.0
1405000 154.1
1410000 87.8
1415000 88.2
1420000 45.7
1425000 123.4
1430000 132.8
1435000 132.6
1440000 110.3
1445000 43.9
1450000 151.9
1455000 65.8
1460000 89.1
1465000 108.0
1470000 67.0
1475000 155.2
1480000 131.7
1485000 44.4
1490000 69.1
1495000 132.5
1500000 89.6
1505000 67.7
1510000 114.0
1515000 68.5
1520000 94.1
1525000 110.5
1530000 111.3
1535000 134.1
1540000 133.1
1545000 88.8
1550000 44.0
1555000 68.1
1560000 111.2
1565000 67.4
1570000 43.8
1575000 68.0
1580000 20.6
1585000 65.2
1590000 135.2
1595000 45.1
1600000 159.7
1605000 85.3
1610000 172.2
1615000 111.9
1620000 44.8
1625000 67.1
1630000 92.1
1635000 115.2
1640000 88.4
1645000 114.1
1650000 112.3
1655000 136.1
1660000 135.8
1665000 112.9
1670000 90.2
1675000 136.2
1680000 112.4
1685000 89.8
1690000 89.9
1695000 89.4
1700000 90.1
1705000 69.6
1710000 162.8
1715000 67.1
1720000 45.1
1725000 21.8
1730000 113.5
1735000 158.4
1740000 91.5
1745000 114.4
1750000 45.3
1755000 113.4
1760000 66.0
1765000 113.0
1770000 45.5
1775000 91.5
1780000 45.4
1785000 90.9
1790000 89.1
1795000 130.8
1800000 88.3
1805000 91.3
1810000 159.7
1815000 46.0
1820000 114.8
1825000 67.8
1830000 0.0
1835000 67.7
1840000 133.7
1845000 206.3
1850000 89.6
1855000 113.6
1860000 161.7
1865000 114.0
1870000 68.4
1875000 91.9
1880000 0.0
1885000 114.1
1890000 45.7
1895000 112.8
1900000 66.8
1905000 137.4
1910000 68.0
1915000 157.5
1920000 136.3
1925000 114.7
1930000 158.8
1935000 133.6
1940000 87.6
1945000 114.3
1950000 90.2
1955000 91.6
1960000 113.0
1965000 157.3
1970000 92.3
1975000 68.9
1980000 115.5
1985000 115.0
1990000 68.4
1995000 90.6
2000000 132.7
