5000 0.0
10000 0.0
15000 0.0
20000 0.0
25000 0.0
30000 0.0
35000 0.0
40000 0.0
45000 0.0
50000 0.0
55000 0.0
60000 0.0
65000 0.0
70000 0.0
75000 0.0
80000 0.0
85000 0.0
90000 0.0
95000 1.8
100000 0.1
105000 0.8
110000 0.0
115000 0.0
120000 0.8
125000 0.9
130000 2.3
135000 4.1
140000 3.3
145000 4.3
150000 5.8
155000 19.8
160000 21.6
165000 7.4
170000 2.7
175000 42.0
180000 61.6
185000 68.0
190000 33.1
195000 59.1
200000 51.4
205000 34.4
210000 69.8
215000 46.3
220000 70.9
225000 69.9
230000 47.4
235000 59.1
240000 72.4
245000 60.9
250000 35.3
255000 34.9
260000 73.1
265000 65.3
270000 54.3
275000 12.7
280000 52.2
285000 36.4
290000 55.5
295000 51.7
300000 38.9
305000 52.5
310000 53.1
315000 41.0
320000 49.5
325000 85.3
330000 53.2
335000 80.0
340000 99.9
345000 52.1
350000 68.0
355000 39.2
360000 39.0
365000 55.9
370000 75.8
375000 65.7
380000 97.6
385000 39.4
390000 85.0
395000 66.8
400000 66.8
405000 40.2
410000 65.5
415000 52.4
420000 48.0
425000 52.8
430000 65.1
435000 67.5
440000 100.9
445000 53.6
450000 128.2
455000 72.6
460000 100.0
465000 100.1
470000 98.6
475000 73.8
480000 99.6
485000 81.6
490000 43.1
495000 104.4
500000 87.8
505000 73.6
510000 71.1
515000 59.8
520000 90.0
525000 71.5
530000 54.5
535000 87.9
540000 76.9
545000 83.8
550000 133.6
555000 84.5
560000 61.6
565000 88.2
570000 102.2
575000 100.3
580000 97.2
585000 66.8
590000 140.6
595000 101.7
600000 116.4
605000 81.4
610000 76.8
615000 85.2
620000 69.9
625000 124.4
630000 113.0
635000 117.0
640000 117.1
645000 141.8
650000 111.9
655000 148.0
660000 116.8
665000 151.3
670000 150.7
675000 132.1
680000 150.5
685000 151.3
690000 131.1
695000 148.1
700000 148.1
705000 141.1
710000 131.0
715000 122.2
720000 144.6
725000 150.0
730000 144.0
735000 151.8
740000 147.2
745000 150.7
750000 153.6
755000 135.8
760000 152.1
765000 151.7
770000 145.5
775000 149.2
780000 149.0
785000 149.9
790000 143.1
795000 151.6
800000 144.9
805000 136.8
810000 149.0
815000 138.0
820000 151.3
825000 151.3
830000 149.4
835000 152.0
840000 152.6
845000 152.0
850000 152.9
855000 153.6
860000 155.8
865000 151.4
870000 151.2
875000 152.7
880000 153.4
885000 155.7
890000 153.8
895000 153.5
900000 155.4
905000 155.4
910000 152.4
915000 155.8
920000 156.6
925000 154.6
930000 156.1
935000 152.9
940000 157.8
945000 155.9
950000 154.4
955000 141.0
960000 156.4
965000 136.1
970000 159.6
975000 152.9
980000 152.7
985000 151.9
990000 156.2
995000 158.9
1000000 161.3
1005000 118.5
1010000 94.5
1015000 153.7
1020000 95.7
1025000 10.3
1030000 85.4
1035000 118.8
1040000 135.2
1045000 153.8
1050000 129.5
1055000 158.4
1060000 158.4
1065000 161.8
1070000 163.5
1075000 162.9
1080000 164.3
1085000 163.6
1090000 161.2
1095000 163.3
1100000 170.1
1105000 154.2
1110000 171.6
1115000 170.7
1120000 173.0
1125000 172.6
1130000 174.0
1135000 172.8
1140000 172.5
1145000 173.1
1150000 172.8
1155000 173.7
1160000 168.1
1165000 156.1
1170000 172.2
1175000 174.7
1180000 171.4
1185000 176.1
1190000 124.2
1195000 160.3
1200000 175.7
1205000 141.1
1210000 179.4
1215000 163.4
1220000 126.3
1225000 182.1
1230000 181.6
1235000 177.7
1240000 183.1
1245000 178.2
1250000 188.2
1255000 167.6
1260000 186.0
1265000 181.6
1270000 186.9
1275000 184.1
1280000 187.9
1285000 187.1
1290000 166.4
1295000 166.5
1300000 192.5
1305000 191.8
1310000 190.1
1315000 188.6
1320000 191.9
1325000 189.4
1330000 193.8
1335000 194.4
1340000 175.4
1345000 204.5
1350000 197.1
1355000 201.8
1360000 205.2
1365000 207.5
1370000 198.1
1375000 205.2
1380000 200.8
1385000 204.2
1390000 207.2
1395000 204.0
1400000 197.4
1405000 208.0
1410000 203.0
1415000 209.9
1420000 206.4
1425000 204.5
1430000 210.0
1435000 207.8
1440000 209.2
1445000 207.4
1450000 212.6
1455000 209.3
1460000 209.6
1465000 211.2
1470000 209.0
1475000 211.0
1480000 213.1
1485000 212.7
1490000 207.9
1495000 212.6
1500000 204.6
1505000 216.3
1510000 194.8
1515000 215.9
1520000 217.2
1525000 210.1
1530000 216.8
1535000 195.5
1540000 195.1
1545000 209.7
1550000 193.5
1555000 214.9
1560000 171.0
1565000 211.0
1570000 217.5
1575000 217.3
1580000 216.0
1585000 218.6
1590000 214.0
1595000 215.8
1600000 217.2
1605000 223.7
1610000 218.9
1615000 194.0
1620000 215.1
1625000 199.9
1630000 214.3
1635000 221.8
1640000 227.1
1645000 191.3
1650000 226.5
1655000 225.2
1660000 222.6
1665000 218.3
1670000 219.4
1675000 223.1
1680000 226.8
1685000 220.0
1690000 225.0
1695000 226.2
1700000 223.0
1705000 219.3
1710000 222.3
1715000 227.8
1720000 220.5
1725000 226.1
1730000 222.1
1735000 220.2
1740000 228.9
1745000 223.2
1750000 230.6
1755000 223.4
1760000 229.8
1765000 226.6
1770000 228.4
1775000 228.3
1780000 233.4
1785000 226.4
1790000 229.1
1795000 232.7
1800000 228.1
1805000 204.1
1810000 233.4
1815000 231.2
1820000 227.7
1825000 223.7
1830000 229.7
1835000 223.6
1840000 228.6
1845000 207.4
1850000 225.3
1855000 238.2
1860000 230.4
1865000 231.4
1870000 204.2
1875000 229.2
1880000 237.4
1885000 236.0
1890000 230.2
1895000 230.9
1900000 230.1
1905000 233.5
1910000 232.5
1915000 234.6
1920000 227.5
1925000 223.4
1930000 232.6
1935000 236.3
1940000 236.3
1945000 215.0
1950000 233.0
1955000 233.4
1960000 230.3
1965000 237.3
1970000 235.7
1975000 229.7
1980000 227.7
1985000 231.5
1990000 240.2
1995000 232.7
2000000 242.3
