5000 0.0
10000 0.0
15000 0.0
20000 0.1
25000 0.0
30000 0.2
35000 0.0
40000 0.0
45000 0.0
50000 0.0
55000 0.0
60000 0.0
65000 0.0
70000 0.0
75000 0.0
80000 0.0
85000 0.0
90000 0.0
95000 0.0
100000 0.5
105000 0.4
110000 0.1
115000 1.2
120000 0.6
125000 0.7
130000 0.6
135000 1.4
140000 1.4
145000 1.3
150000 0.2
155000 0.1
160000 0.5
165000 0.0
170000 3.4
175000 1.2
180000 1.1
185000 2.6
190000 1.5
195000 1.7
200000 2.5
205000 0.7
210000 0.0
215000 1.0
220000 2.8
225000 0.5
230000 0.7
235000 0.0
240000 1.1
245000 2.2
250000 0.2
255000 2.5
260000 0.0
265000 0.0
270000 2.1
275000 1.7
280000 0.0
285000 0.6
290000 1.2
295000 0.0
300000 1.3
305000 0.0
310000 0.0
315000 0.2
320000 0.0
325000 1.4
330000 1.7
335000 1.0
340000 1.2
345000 10.7
350000 13.8
355000 19.3
360000 28.1
365000 29.9
370000 14.7
375000 39.8
380000 25.7
385000 65.7
390000 47.2
395000 35.7
400000 54.8
405000 54.2
410000 42.3
415000 27.5
420000 23.5
425000 33.6
430000 53.0
435000 50.2
440000 44.8
445000 54.0
450000 72.4
455000 28.1
460000 13.6
465000 73.6
470000 101.8
475000 69.7
480000 85.7
485000 103.2
490000 14.5
495000 102.1
500000 45.5
505000 88.3
510000 47.1
515000 60.9
520000 90.2
525000 75.0
530000 74.6
535000 88.5
540000 74.2
545000 73.9
550000 103.6
555000 75.9
560000 76.8
565000 46.4
570000 95.1
575000 46.0
580000 76.3
585000 14.5
590000 61.4
595000 124.7
600000 77.0
605000 62.8
610000 47.9
615000 77.0
620000 63.9
625000 79.5
630000 78.7
635000 93.9
640000 29.8
645000 81.9
650000 45.5
655000 80.2
660000 78.4
665000 58.3
670000 62.8
675000 81.2
680000 99.1
685000 81.4
690000 78.6
695000 80.7
700000 49.5
705000 48.3
710000 64.4
715000 96.0
720000 65.4
725000 65.0
730000 49.5
735000 48.0
740000 115.3
745000 47.8
750000 81.6
755000 49.9
760000 81.7
765000 33.4
770000 66.8
775000 81.0
780000 48.4
785000 98.9
790000 96.7
795000 84.0
800000 82.9
805000 133.1
810000 66.8
815000 65.2
820000 16.2
825000 80.7
830000 32.2
835000 65.7
840000 101.2
845000 0.1
850000 66.7
855000 100.8
860000 82.7
865000 32.9
870000 82.7
875000 33.2
880000 83.7
885000 84.2
890000 67.0
895000 50.2
900000 84.7
905000 100.7
910000 34.2
915000 50.7
920000 99.6
925000 81.0
930000 63.6
935000 83.8
940000 33.9
945000 17.0
950000 32.5
955000 85.9
960000 99.8
965000 68.2
970000 51.4
975000 100.3
980000 103.1
985000 67.4
990000 83.4
995000 67.3
1000000 51.2
1005000 77.1
1010000 65.2
1015000 48.5
1020000 61.6
1025000 72.9
1030000 32.8
1035000 62.9
1040000 66.4
1045000 115.5
1050000 80.7
1055000 33.5
1060000 65.4
1065000 68.2
1070000 116.3
1075000 82.6
1080000 68.1
1085000 67.1
1090000 135.6
1095000 66.5
1100000 50.7
1105000 68.2
1110000 51.7
1115000 69.5
1120000 34.5
1125000 68.3
1130000 138.4
1135000 34.5
1140000 67.9
1145000 69.4
1150000 100.5
1155000 102.0
1160000 106.6
1165000 34.5
1170000 69.2
1175000 52.3
1180000 87.2
1185000 86.0
1190000 144.0
1195000 17.3
1200000 108.3
1205000 83.3
1210000 35.1
1215000 105.3
1220000 105.5
1225000 35.3
1230000 88.9
1235000 51.6
1240000 71.3
1245000 54.4
1250000 72.5
1255000 53.5
1260000 107.1
1265000 69.2
1270000 53.1
1275000 51.5
1280000 90.1
1285000 124.9
1290000 69.3
1295000 110.1
1300000 52.6
1305000 36.4
1310000 86.7
1315000 69.9
1320000 70.4
1325000 90.7
1330000 72.3
1335000 86.5
1340000 71.2
1345000 54.7
1350000 109.7
1355000 91.2
1360000 36.3
1365000 71.5
1370000 89.7
1375000 70.9
1380000 0.0
1385000 54.8
1390000 90.2
1395000 126.2
1400000 90.2
1405000 71.4
1410000 104.8
1415000 70.4
1420000 53.0
1425000 122.8
1430000 70.9
1435000 18.7
1440000 89.5
1445000 88.2
1450000 70.8
1455000 108.1
1460000 109.2
1465000 88.4
1470000 109.7
1475000 71.3
1480000 36.0
1485000 35.3
1490000 106.6
1495000 107.4
1500000 92.6
1505000 92.7
1510000 89.0
1515000 54.2
1520000 72.4
1525000 54.2
1530000 127.5
1535000 72.1
1540000 73.4
1545000 73.3
1550000 108.3
1555000 71.3
1560000 73.6
1565000 108.7
1570000 91.1
1575000 52.0
1580000 123.2
1585000 69.9
1590000 90.2
1595000 108.2
1600000 73.0
1605000 17.9
1610000 54.9
1615000 145.7
1620000 109.1
1625000 89.7
1630000 112.3
1635000 107.6
1640000 93.6
1645000 54.1
1650000 71.8
1655000 54.9
1660000 110.2
1665000 93.0
1670000 127.8
1675000 89.6
1680000 70.8
1685000 89.7
1690000 72.8
1695000 127.3
1700000 88.4
1705000 93.2
1710000 54.7
1715000 73.4
1720000 129.7
1725000 108.4
1730000 130.5
1735000 133.5
1740000 71.4
1745000 89.7
1750000 91.8
1755000 91.0
1760000 109.5
1765000 92.0
1770000 73.8
1775000 74.8
1780000 109.6
1785000 109.1
1790000 55.1
1795000 91.5
1800000 113.0
1805000 110.3
1810000 125.5
1815000 129.2
1820000 109.2
1825000 75.5
1830000 131.2
1835000 72.8
1840000 37.1
1845000 126.7
1850000 54.9
1855000 54.9
1860000 91.1
1865000 108.8
1870000 110.2
1875000 107.8
1880000 90.9
1885000 92.0
1890000 128.1
1895000 73.2
1900000 90.8
1905000 130.6
1910000 90.5
1915000 182.4
1920000 56.2
1925000 90.1
1930000 71.5
1935000 74.0
1940000 146.2
1945000 90.4
1950000 73.8
1955000 72.0
1960000 74.0
1965000 73.6
1970000 112.6
1975000 89.6
1980000 17.7
1985000 72.8
1990000 129.1
1995000 72.3
2000000 73.8
