5000 0.0
10000 0.0
15000 0.0
20000 0.0
25000 2.1
30000 0.0
35000 1.2
40000 0.1
45000 0.0
50000 0.0
55000 0.9
60000 0.0
65000 0.0
70000 0.0
75000 2.0
80000 1.0
85000 2.6
90000 0.0
95000 0.5
100000 0.0
105000 0.3
110000 1.4
115000 0.2
120000 0.1
125000 0.1
130000 1.8
135000 2.0
140000 0.0
145000 0.0
150000 1.0
155000 2.1
160000 0.1
165000 1.6
170000 1.8
175000 0.8
180000 0.0
185000 0.3
190000 0.0
195000 0.8
200000 1.5
205000 0.0
210000 0.0
215000 0.0
220000 0.0
225000 0.0
230000 1.1
235000 1.0
240000 1.7
245000 2.0
250000 1.7
255000 3.5
260000 1.7
265000 1.6
270000 0.5
275000 1.5
280000 0.0
285000 1.5
290000 3.5
295000 0.9
300000 1.3
305000 1.1
310000 3.4
315000 1.8
320000 1.3
325000 0.0
330000 0.0
335000 0.3
340000 2.0
345000 0.0
350000 0.0
355000 0.7
360000 2.2
365000 0.8
370000 0.2
375000 1.1
380000 1.5
385000 0.2
390000 1.4
395000 20.9
400000 0.0
405000 1.8
410000 28.8
415000 42.9
420000 0.2
425000 45.1
430000 19.8
435000 14.5
440000 30.9
445000 31.8
450000 37.1
455000 72.4
460000 60.0
465000 68.7
470000 42.6
475000 46.6
480000 19.8
485000 2.0
490000 45.6
495000 57.9
500000 10.2
505000 54.1
510000 29.8
515000 23.1
520000 81.0
525000 47.0
530000 46.5
535000 49.7
540000 63.7
545000 47.8
550000 38.8
555000 50.5
560000 74.0
565000 63.6
570000 47.0
575000 51.3
580000 84.9
585000 61.1
590000 36.6
595000 80.8
600000 51.2
605000 38.2
610000 82.1
615000 39.0
620000 89.6
625000 60.6
630000 36.1
635000 65.2
640000 40.6
645000 61.8
650000 12.3
655000 13.0
660000 39.2
665000 76.8
670000 12.4
675000 50.2
680000 62.1
685000 72.5
690000 36.9
695000 25.3
700000 12.9
705000 48.3
710000 12.4
715000 51.8
720000 24.7
725000 60.6
730000 61.8
735000 66.3
740000 62.2
745000 64.5
750000 48.8
755000 52.0
760000 65.0
765000 61.9
770000 89.8
775000 71.9
780000 38.3
785000 93.5
790000 73.4
795000 52.3
800000 77.9
805000 50.3
810000 39.0
815000 39.0
820000 53.9
825000 24.8
830000 63.7
835000 50.9
840000 52.3
845000 78.7
850000 51.1
855000 38.6
860000 25.7
865000 38.6
870000 70.0
875000 40.4
880000 26.7
885000 25.4
890000 64.0
895000 61.9
900000 77.9
905000 98.9
910000 28.2
915000 82.0
920000 68.8
925000 68.5
930000 26.1
935000 53.9
940000 68.1
945000 55.9
950000 64.9
955000 94.3
960000 53.4
965000 41.6
970000 38.9
975000 41.0
980000 41.1
985000 67.2
990000 51.5
995000 80.5
1000000 70.9
1005000 61.0
1010000 11.9
1015000 91.9
1020000 15.1
1025000 98.8
1030000 74.6
1035000 45.9
1040000 64.3
1045000 61.8
1050000 97.6
1055000 31.8
1060000 0.0
1065000 132.1
1070000 16.9
1075000 123.0
1080000 89.6
1085000 117.8
1090000 69.4
1095000 145.2
1100000 148.2
1105000 16.5
1110000 55.0
1115000 113.8
1120000 131.0
1125000 125.3
1130000 99.5
1135000 77.8
1140000 96.8
1145000 81.0
1150000 98.2
1155000 43.9
1160000 66.1
1165000 125.2
1170000 82.7
1175000 111.0
1180000 43.1
1185000 123.1
1190000 144.2
1195000 49.3
1200000 125.8
1205000 79.8
1210000 109.0
1215000 141.2
1220000 108.1
1225000 115.3
1230000 114.3
1235000 162.3
1240000 210.0
1245000 119.4
1250000 143.4
1255000 140.2
1260000 113.8
1265000 95.0
1270000 145.9
1275000 222.8
1280000 180.1
1285000 100.2
1290000 130.5
1295000 73.5
1300000 247.3
1305000 191.0
1310000 116.7
1315000 182.1
1320000 90.2
1325000 151.1
1330000 121.3
1335000 215.3
1340000 395.4
1345000 163.4
1350000 261.9
1355000 237.1
1360000 288.6
1365000 308.0
1370000 215.6
1375000 133.5
1380000 226.3
1385000 217.4
1390000 136.6
1395000 280.9
1400000 189.9
1405000 277.3
1410000 136.1
1415000 324.0
1420000 230.8
1425000 144.7
1430000 228.3
1435000 142.9
1440000 293.5
1445000 243.1
1450000 286.0
1455000 382.4
1460000 238.2
1465000 280.4
1470000 293.0
1475000 295.9
1480000 291.3
1485000 125.8
1490000 438.8
1495000 245.2
1500000 301.3
1505000 199.8
1510000 247.5
1515000 355.6
1520000 294.4
1525000 200.9
1530000 199.5
1535000 249.8
1540000 194.0
1545000 351.9
1550000 353.0
1555000 98.0
1560000 352.5
1565000 410.2
1570000 150.0
1575000 98.8
1580000 249.9
1585000 158.2
1590000 200.7
1595000 152.9
1600000 247.6
1605000 311.8
1610000 262.0
1615000 308.2
1620000 308.7
1625000 152.9
1630000 361.7
1635000 154.6
1640000 253.4
1645000 366.3
1650000 207.8
1655000 257.4
1660000 106.1
1665000 311.8
1670000 427.2
1675000 264.0
1680000 211.3
1685000 215.4
1690000 209.9
1695000 213.6
1700000 157.2
1705000 208.7
1710000 315.0
1715000 298.9
1720000 262.5
1725000 214.0
1730000 161.4
1735000 323.7
1740000 211.1
1745000 269.8
1750000 370.1
1755000 272.6
1760000 275.4
1765000 107.7
1770000 50.7
1775000 317.3
1780000 264.9
1785000 217.3
1790000 218.8
1795000 315.9
1800000 158.4
1805000 218.7
1810000 274.4
1815000 222.5
1820000 264.7
1825000 419.9
1830000 211.2
1835000 219.6
1840000 274.9
1845000 334.9
1850000 218.5
1855000 216.6
1860000 223.4
1865000 221.5
1870000 108.5
1875000 218.9
1880000 441.6
1885000 330.9
1890000 165.9
1895000 278.3
1900000 219.2
1905000 107.9
1910000 498.3
1915000 110.7
1920000 279.2
1925000 277.0
1930000 224.0
1935000 273.5
1940000 228.0
1945000 334.0
1950000 395.5
1955000 280.8
1960000 397.6
1965000 334.4
1970000 272.4
1975000 168.8
1980000 174.6
1985000 56.4
1990000 288.0
1995000 391.1
2000000 283.6
