5000 0.0
10000 0.0
15000 0.0
20000 0.0
25000 0.0
30000 0.0
35000 0.0
40000 0.0
45000 0.2
50000 0.0
55000 0.0
60000 0.1
65000 0.0
70000 0.1
75000 0.1
80000 0.0
85000 0.0
90000 0.0
95000 1.6
100000 0.3
105000 0.1
110000 0.3
115000 0.0
120000 0.1
125000 14.4
130000 1.0
135000 10.1
140000 18.7
145000 13.5
150000 28.0
155000 33.1
160000 23.8
165000 45.1
170000 8.2
175000 65.1
180000 34.2
185000 9.1
190000 56.2
195000 50.8
200000 42.5
205000 87.2
210000 62.9
215000 99.1
220000 69.9
225000 59.7
230000 73.9
235000 67.0
240000 65.5
245000 63.4
250000 33.6
255000 85.5
260000 155.4
265000 126.0
270000 102.7
275000 68.3
280000 125.1
285000 90.5
290000 90.7
295000 68.0
300000 52.2
305000 57.4
310000 77.7
315000 58.8
320000 104.1
325000 81.8
330000 122.5
335000 40.5
340000 121.9
345000 80.2
350000 103.6
355000 145.0
360000 127.4
365000 65.1
370000 158.1
375000 62.7
380000 126.1
385000 136.2
390000 136.0
395000 91.8
400000 130.8
405000 90.0
410000 139.3
415000 135.3
420000 115.8
425000 112.8
430000 64.9
435000 180.4
440000 134.7
445000 46.5
450000 164.0
455000 94.1
460000 118.3
465000 138.8
470000 117.9
475000 143.5
480000 166.9
485000 94.5
490000 119.4
495000 167.9
500000 145.0
505000 95.8
510000 23.1
515000 95.1
520000 97.5
525000 120.9
530000 124.0
535000 170.4
540000 143.0
545000 98.7
550000 70.8
555000 123.5
560000 170.4
565000 50.5
570000 100.9
575000 146.1
580000 147.7
585000 173.6
590000 49.5
595000 126.3
600000 125.2
605000 172.2
610000 95.7
615000 151.2
620000 147.9
625000 122.3
630000 176.6
635000 151.8
640000 150.9
645000 69.4
650000 101.0
655000 194.3
660000 104.6
665000 181.0
670000 150.8
675000 198.3
680000 153.5
685000 100.3
690000 140.1
695000 132.5
700000 75.5
705000 148.1
710000 206.9
715000 101.4
720000 169.3
725000 225.1
730000 219.8
735000 228.0
740000 241.9
745000 242.5
750000 247.4
755000 224.4
760000 212.6
765000 238.1
770000 248.0
775000 226.2
780000 248.4
785000 247.1
790000 254.0
795000 240.8
800000 255.4
805000 254.2
810000 230.7
815000 255.6
820000 228.2
825000 239.6
830000 255.6
835000 259.6
840000 250.1
845000 231.7
850000 253.7
855000 236.6
860000 258.9
865000 250.7
870000 271.4
875000 260.3
880000 262.9
885000 266.8
890000 265.6
895000 237.7
900000 267.0
905000 262.0
910000 258.9
915000 264.6
920000 264.2
925000 264.9
930000 266.9
935000 239.6
940000 262.4
945000 243.9
950000 272.1
955000 267.7
960000 261.7
965000 269.3
970000 239.5
975000 265.9
980000 269.9
985000 269.5
990000 264.2
995000 266.3
1000000 264.9
1005000 229.6
1010000 256.9
1015000 206.2
1020000 234.5
1025000 235.6
1030000 230.7
1035000 261.2
1040000 271.3
1045000 270.7
1050000 265.2
1055000 181.9
1060000 223.2
1065000 160.5
1070000 166.7
1075000 189.0
1080000 237.2
1085000 266.4
1090000 261.4
1095000 234.9
1100000 268.8
1105000 241.8
1110000 270.7
1115000 278.5
1120000 270.4
1125000 260.4
1130000 236.7
1135000 275.3
1140000 279.8
1145000 276.9
1150000 270.0
1155000 273.8
1160000 269.7
1165000 248.9
1170000 268.6
1175000 274.1
1180000 263.6
1185000 248.8
1190000 267.1
1195000 250.2
1200000 240.5
1205000 250.1
1210000 277.2
1215000 278.5
1220000 281.2
1225000 276.7
1230000 244.9
1235000 274.4
1240000 279.1
1245000 272.9
1250000 275.2
1255000 280.5
1260000 281.1
1265000 281.0
1270000 278.5
1275000 280.1
1280000 250.4
1285000 280.6
1290000 280.7
1295000 278.1
1300000 279.2
1305000 278.2
1310000 285.9
1315000 279.2
1320000 282.8
1325000 279.5
1330000 281.9
1335000 281.0
1340000 279.7
1345000 283.0
1350000 278.6
1355000 283.7
1360000 285.9
1365000 281.7
1370000 275.6
1375000 282.0
1380000 284.5
1385000 279.6
1390000 255.8
1395000 283.4
1400000 282.2
1405000 256.0
1410000 284.7
1415000 282.2
1420000 282.9
1425000 282.4
1430000 281.4
1435000 284.0
1440000 285.4
1445000 284.3
1450000 284.6
1455000 285.1
1460000 287.4
1465000 285.9
1470000 285.7
1475000 284.7
1480000 285.0
1485000 283.8
1490000 286.9
1495000 254.4
1500000 255.9
1505000 288.7
1510000 283.8
1515000 282.4
1520000 286.9
1525000 284.3
1530000 283.8
1535000 287.8
1540000 257.8
1545000 282.3
1550000 283.2
1555000 283.8
1560000 259.1
1565000 289.3
1570000 286.1
1575000 285.4
1580000 284.3
1585000 286.9
1590000 285.7
1595000 282.2
1600000 280.1
1605000 284.3
1610000 288.1
1615000 288.9
1620000 288.5
1625000 290.1
1630000 290.3
1635000 282.5
1640000 260.2
1645000 286.3
1650000 258.6
1655000 276.1
1660000 285.2
1665000 285.9
1670000 286.3
1675000 288.8
1680000 287.6
1685000 285.4
1690000 286.8
1695000 289.2
1700000 287.6
1705000 293.1
1710000 286.8
1715000 286.3
1720000 284.5
1725000 287.8
1730000 290.7
1735000 291.0
1740000 291.4
1745000 291.8
1750000 285.9
1755000 260.6
1760000 286.8
1765000 287.0
1770000 288.7
1775000 286.8
1780000 289.7
1785000 292.0
1790000 292.7
1795000 289.2
1800000 291.2
1805000 291.1
1810000 290.7
1815000 292.3
1820000 291.1
1825000 289.1
1830000 292.3
1835000 291.8
1840000 293.3
1845000 288.4
1850000 292.0
1855000 292.3
1860000 290.5
1865000 290.2
1870000 262.6
1875000 290.9
1880000 288.0
1885000 293.5
1890000 288.9
1895000 288.4
1900000 291.2
1905000 290.1
1910000 285.6
1915000 296.3
1920000 291.2
1925000 290.0
1930000 292.7
1935000 290.7
1940000 289.9
1945000 290.6
1950000 285.9
1955000 290.3
1960000 291.6
1965000 286.4
1970000 291.3
1975000 292.5
1980000 293.1
1985000 296.2
1990000 290.8
1995000 289.7
2000000 289.3
