5000 0.1
10000 0.4
15000 3.9
20000 3.2
25000 7.8
30000 2.9
35000 10.7
40000 22.1
45000 16.2
50000 31.1
55000 94.0
60000 127.1
65000 73.1
70000 168.5
75000 210.2
80000 190.1
85000 220.1
90000 198.4
95000 234.1
100000 230.6
105000 202.1
110000 239.9
115000 202.2
120000 245.7
125000 255.1
130000 281.8
135000 331.7
140000 332.4
145000 338.3
150000 382.3
155000 351.4
160000 415.0
165000 385.1
170000 433.2
175000 444.1
180000 452.8
185000 365.2
190000 451.4
195000 277.7
200000 477.3
205000 431.0
210000 362.6
215000 298.5
220000 509.1
225000 509.5
230000 499.1
235000 496.1
240000 493.6
245000 408.2
250000 548.5
255000 529.2
260000 551.3
265000 530.7
270000 539.2
275000 544.4
280000 540.5
285000 537.3
290000 527.7
295000 571.5
300000 555.7
305000 561.7
310000 561.4
315000 553.0
320000 551.0
325000 559.8
330000 543.8
335000 580.0
340000 558.7
345000 579.2
350000 604.1
355000 603.8
360000 629.6
365000 555.9
370000 644.8
375000 642.0
380000 622.7
385000 649.0
390000 619.0
395000 639.1
400000 645.8
405000 637.6
410000 644.9
415000 655.2
420000 627.4
425000 661.3
430000 667.8
435000 690.6
440000 678.3
445000 667.6
450000 686.4
455000 683.2
460000 698.3
465000 691.8
470000 679.9
475000 689.8
480000 652.4
485000 696.1
490000 695.4
495000 665.4
500000 684.8
505000 708.2
510000 712.1
515000 700.1
520000 708.5
525000 717.9
530000 707.6
535000 709.8
540000 718.7
545000 721.4
550000 711.9
555000 661.2
560000 719.7
565000 719.3
570000 734.9
575000 702.2
580000 711.9
585000 725.6
590000 697.5
595000 704.6
600000 714.0
605000 715.1
610000 726.2
615000 722.9
620000 731.8
625000 717.8
630000 735.1
635000 693.3
640000 754.4
645000 757.7
650000 730.8
655000 751.2
660000 755.6
665000 764.4
670000 744.9
675000 754.7
680000 718.6
685000 744.2
690000 752.1
695000 744.0
700000 752.5
705000 761.1
710000 759.4
715000 761.4
720000 731.7
725000 770.7
730000 762.4
735000 735.1
740000 770.7
745000 757.4
750000 774.8
755000 779.6
760000 767.2
765000 750.3
770000 779.5
775000 783.2
780000 766.5
785000 778.7
790000 779.2
795000 780.1
800000 791.3
805000 794.2
810000 780.2
815000 781.8
820000 776.6
825000 769.1
830000 791.0
835000 774.7
840000 772.5
845000 785.9
850000 793.5
855000 788.7
860000 768.4
865000 780.4
870000 792.2
875000 768.0
880000 781.8
885000 760.1
890000 797.5
895000 797.8
900000 799.4
905000 769.2
910000 806.1
915000 787.4
920000 790.0
925000 760.8
930000 784.1
935000 798.7
940000 783.0
945000 791.8
950000 801.5
955000 785.7
960000 796.7
965000 780.8
970000 763.7
975000 775.8
980000 785.4
985000 802.7
990000 806.8
995000 802.6
1000000 800.8
1005000 807.1
1010000 800.3
1015000 819.0
1020000 837.7
1025000 830.5
1030000 837.0
1035000 724.9
1040000 829.1
1045000 839.4
1050000 843.7
1055000 843.7
1060000 820.6
1065000 837.9
1070000 845.9
1075000 852.1
1080000 786.3
1085000 790.5
1090000 805.4
1095000 855.6
1100000 854.8
1105000 849.5
1110000 801.3
1115000 855.6
1120000 850.7
1125000 845.8
1130000 781.2
1135000 860.8
1140000 854.7
1145000 859.3
1150000 867.5
1155000 868.3
1160000 863.3
1165000 759.2
1170000 856.0
1175000 857.8
1180000 847.9
1185000 879.7
1190000 848.1
1195000 879.6
1200000 844.6
1205000 854.3
1210000 879.9
1215000 877.5
1220000 850.4
1225000 879.9
1230000 876.5
1235000 878.2
1240000 877.5
1245000 868.4
1250000 871.5
1255000 873.6
1260000 877.6
1265000 869.7
1270000 884.5
1275000 876.5
1280000 884.6
1285000 875.1
1290000 881.6
1295000 873.3
1300000 885.3
1305000 886.5
1310000 873.3
1315000 876.4
1320000 884.1
1325000 875.9
1330000 884.8
1335000 886.5
1340000 883.9
1345000 887.3
1350000 886.8
1355000 876.5
1360000 883.0
1365000 869.2
1370000 849.9
1375000 886.3
1380000 881.0
1385000 887.3
1390000 878.6
1395000 878.5
1400000 895.7
1405000 889.3
1410000 883.3
1415000 890.7
1420000 865.4
1425000 877.3
1430000 885.3
1435000 888.7
1440000 879.6
1445000 865.7
1450000 855.8
1455000 884.0
1460000 869.1
1465000 888.9
1470000 889.2
1475000 865.4
1480000 857.6
1485000 851.3
1490000 879.7
1495000 890.3
1500000 893.6
1505000 884.3
1510000 872.1
1515000 893.2
1520000 888.4
1525000 889.3
1530000 885.1
1535000 883.0
1540000 890.2
1545000 883.4
1550000 888.4
1555000 885.9
1560000 885.5
1565000 879.3
1570000 874.8
1575000 889.5
1580000 889.0
1585000 878.8
1590000 896.5
1595000 892.0
1600000 893.3
1605000 886.8
1610000 894.9
1615000 822.7
1620000 888.9
1625000 893.1
1630000 891.6
1635000 892.3
1640000 884.7
1645000 891.5
1650000 890.1
1655000 885.6
1660000 893.8
1665000 891.5
1670000 885.9
1675000 867.8
1680000 894.1
1685000 889.8
1690000 891.2
1695000 882.2
1700000 887.4
1705000 884.7
1710000 892.6
1715000 894.0
1720000 882.7
1725000 893.6
1730000 887.0
1735000 895.6
1740000 895.3
1745000 893.3
1750000 896.3
1755000 892.3
1760000 891.9
1765000 890.2
1770000 897.0
1775000 890.5
1780000 894.2
1785000 874.5
1790000 892.8
1795000 896.3
1800000 900.1
1805000 889.3
1810000 893.6
1815000 894.7
1820000 890.1
1825000 897.2
1830000 884.9
1835000 896.8
1840000 830.7
1845000 893.4
1850000 893.1
1855000 889.9
1860000 874.2
1865000 883.2
1870000 869.0
1875000 893.5
1880000 892.9
1885000 899.1
1890000 896.0
1895000 875.6
1900000 891.0
1905000 871.4
1910000 892.8
1915000 890.3
1920000 893.3
1925000 896.7
1930000 892.0
1935000 893.5
1940000 896.4
1945000 895.8
1950000 897.8
1955000 892.5
1960000 893.7
1965000 900.4
1970000 884.4
1975000 891.1
1980000 891.3
1985000 895.6
1990000 896.3
1995000 894.1
2000000 876.7
