5000 0.3
10000 2.1
15000 1.1
20000 11.2
25000 102.5
30000 59.1
35000 8.3
40000 102.7
45000 110.3
50000 52.2
55000 162.8
60000 92.9
65000 99.4
70000 84.2
75000 133.4
80000 147.6
85000 77.0
90000 175.9
95000 221.0
100000 205.9
105000 282.8
110000 295.4
115000 268.6
120000 328.4
125000 353.5
130000 358.6
135000 369.1
140000 351.4
145000 364.6
150000 405.4
155000 393.0
160000 390.1
165000 394.1
170000 400.8
175000 403.1
180000 419.4
185000 427.7
190000 440.8
195000 436.0
200000 454.4
205000 457.6
210000 450.2
215000 445.1
220000 429.1
225000 429.4
230000 437.5
235000 446.2
240000 467.5
245000 425.5
250000 464.0
255000 476.1
260000 466.3
265000 491.6
270000 495.5
275000 488.3
280000 500.7
285000 515.5
290000 517.8
295000 537.4
300000 539.5
305000 563.2
310000 538.7
315000 529.1
320000 536.8
325000 567.3
330000 569.9
335000 566.9
340000 541.9
345000 576.1
350000 603.0
355000 598.3
360000 603.0
365000 518.2
370000 619.9
375000 623.6
380000 624.6
385000 632.5
390000 643.7
395000 610.0
400000 626.2
405000 623.4
410000 644.5
415000 671.2
420000 678.7
425000 661.1
430000 644.3
435000 660.6
440000 659.2
445000 676.7
450000 677.4
455000 689.3
460000 676.2
465000 688.7
470000 684.5
475000 685.5
480000 699.2
485000 690.0
490000 659.0
495000 703.2
500000 674.7
505000 698.7
510000 726.7
515000 724.1
520000 691.4
525000 681.8
530000 723.3
535000 711.6
540000 720.8
545000 664.6
550000 721.0
555000 726.6
560000 744.0
565000 718.2
570000 735.0
575000 748.1
580000 713.7
585000 712.1
590000 724.0
595000 713.6
600000 752.9
605000 697.6
610000 744.1
615000 722.4
620000 736.9
625000 731.1
630000 757.4
635000 743.9
640000 708.4
645000 716.9
650000 739.0
655000 743.7
660000 745.4
665000 740.9
670000 748.7
675000 752.0
680000 742.5
685000 714.6
690000 737.5
695000 771.8
700000 762.6
705000 746.3
710000 739.4
715000 764.8
720000 732.1
725000 770.4
730000 766.4
735000 776.9
740000 760.1
745000 754.2
750000 771.6
755000 746.2
760000 778.9
765000 770.0
770000 777.0
775000 765.0
780000 783.7
785000 772.2
790000 741.6
795000 759.8
800000 783.6
805000 782.4
810000 790.9
815000 789.5
820000 767.8
825000 777.2
830000 783.3
835000 776.5
840000 779.9
845000 775.4
850000 777.4
855000 769.5
860000 811.1
865000 793.4
870000 801.4
875000 794.2
880000 764.0
885000 788.7
890000 791.5
895000 746.6
900000 806.9
905000 798.7
910000 804.6
915000 786.1
920000 802.3
925000 771.2
930000 794.2
935000 788.4
940000 803.4
945000 797.8
950000 808.6
955000 804.4
960000 734.0
965000 802.8
970000 782.1
975000 797.4
980000 791.0
985000 797.4
990000 804.4
995000 799.7
1000000 785.0
1005000 782.5
1010000 781.5
1015000 819.0
1020000 814.5
1025000 813.3
1030000 811.7
1035000 765.2
1040000 808.9
1045000 780.7
1050000 815.7
1055000 822.3
1060000 662.4
1065000 791.3
1070000 757.5
1075000 723.1
1080000 824.0
1085000 818.7
1090000 832.0
1095000 840.7
1100000 768.9
1105000 817.4
1110000 824.4
1115000 800.9
1120000 833.0
1125000 837.6
1130000 838.1
1135000 763.5
1140000 831.2
1145000 835.0
1150000 816.6
1155000 840.2
1160000 726.2
1165000 840.4
1170000 838.4
1175000 829.4
1180000 849.0
1185000 816.1
1190000 850.1
1195000 807.4
1200000 860.3
1205000 828.7
1210000 845.9
1215000 858.5
1220000 823.6
1225000 783.4
1230000 853.7
1235000 862.9
1240000 836.0
1245000 665.9
1250000 860.8
1255000 838.4
1260000 785.9
1265000 854.6
1270000 850.8
1275000 865.9
1280000 717.1
1285000 858.8
1290000 867.1
1295000 840.0
1300000 850.1
1305000 841.4
1310000 818.1
1315000 856.3
1320000 858.1
1325000 737.8
1330000 804.5
1335000 801.2
1340000 830.4
1345000 842.0
1350000 779.3
1355000 853.2
1360000 826.5
1365000 844.5
1370000 736.1
1375000 698.4
1380000 598.7
1385000 830.4
1390000 852.7
1395000 780.8
1400000 789.8
1405000 864.1
1410000 852.5
1415000 814.9
1420000 869.4
1425000 871.7
1430000 858.3
1435000 869.9
1440000 834.4
1445000 865.2
1450000 820.4
1455000 855.9
1460000 855.3
1465000 860.7
1470000 850.6
1475000 844.3
1480000 769.6
1485000 839.5
1490000 868.7
1495000 827.4
1500000 847.0
1505000 863.0
1510000 834.1
1515000 868.9
1520000 862.5
1525000 865.8
1530000 880.4
1535000 853.4
1540000 871.2
1545000 784.8
1550000 876.5
1555000 882.9
1560000 857.6
1565000 866.7
1570000 787.2
1575000 866.0
1580000 881.6
1585000 875.9
1590000 791.6
1595000 841.9
1600000 892.9
1605000 882.2
1610000 882.2
1615000 881.3
1620000 837.2
1625000 842.5
1630000 861.3
1635000 879.2
1640000 814.3
1645000 880.4
1650000 712.2
1655000 874.4
1660000 885.7
1665000 876.4
1670000 763.1
1675000 889.1
1680000 891.0
1685000 856.9
1690000 877.5
1695000 854.2
1700000 874.6
1705000 842.8
1710000 876.6
1715000 850.7
1720000 876.9
1725000 887.5
1730000 880.5
1735000 827.9
1740000 873.2
1745000 874.2
1750000 734.9
1755000 703.8
1760000 875.4
1765000 460.1
1770000 891.1
1775000 881.8
1780000 872.6
1785000 884.8
1790000 864.6
1795000 890.3
1800000 848.3
1805000 886.6
1810000 890.5
1815000 868.3
1820000 868.6
1825000 884.4
1830000 851.8
1835000 830.3
1840000 883.1
1845000 861.2
1850000 893.4
1855000 880.7
1860000 838.3
1865000 886.9
1870000 555.5
1875000 872.2
1880000 886.2
1885000 891.8
1890000 884.7
1895000 876.6
1900000 863.5
1905000 889.1
1910000 751.6
1915000 881.9
1920000 892.4
1925000 858.1
1930000 891.3
1935000 872.9
1940000 846.1
1945000 889.4
1950000 888.8
1955000 895.7
1960000 898.2
1965000 889.5
1970000 872.2
1975000 886.1
1980000 889.0
1985000 892.4
1990000 878.2
1995000 895.9
2000000 897.6
