5000 7.8
10000 2.6
15000 0.1
20000 28.3
25000 17.8
30000 42.9
35000 61.5
40000 17.3
45000 84.8
50000 63.3
55000 61.2
60000 65.4
65000 90.0
70000 90.2
75000 112.0
80000 133.7
85000 167.6
90000 124.4
95000 197.4
100000 254.9
105000 260.9
110000 209.3
115000 234.8
120000 234.7
125000 317.4
130000 343.2
135000 291.9
140000 296.6
145000 299.6
150000 419.8
155000 223.6
160000 380.7
165000 368.4
170000 390.7
175000 292.6
180000 493.0
185000 563.8
190000 451.4
195000 564.6
200000 574.8
205000 623.0
210000 587.1
215000 606.1
220000 552.1
225000 705.2
230000 609.9
235000 468.6
240000 298.8
245000 619.7
250000 718.9
255000 577.0
260000 722.0
265000 510.2
270000 767.1
275000 714.8
280000 722.3
285000 760.4
290000 777.8
295000 737.1
300000 787.4
305000 767.4
310000 767.8
315000 759.9
320000 748.4
325000 787.1
330000 660.0
335000 766.3
340000 781.6
345000 688.2
350000 721.0
355000 741.9
360000 801.5
365000 779.7
370000 736.4
375000 771.6
380000 799.4
385000 763.7
390000 719.4
395000 829.7
400000 766.2
405000 794.9
410000 795.8
415000 818.8
420000 772.1
425000 674.6
430000 796.5
435000 682.0
440000 669.0
445000 821.7
450000 810.1
455000 764.2
460000 733.4
465000 845.8
470000 825.5
475000 798.0
480000 825.4
485000 838.3
490000 787.7
495000 743.0
500000 834.0
505000 810.5
510000 825.7
515000 807.0
520000 842.9
525000 841.1
530000 752.4
535000 858.0
540000 853.8
545000 788.1
550000 838.2
555000 863.4
560000 840.9
565000 867.3
570000 839.0
575000 869.7
580000 864.8
585000 842.5
590000 769.7
595000 838.0
600000 844.7
605000 857.6
610000 823.6
615000 868.3
620000 870.8
625000 801.2
630000 829.6
635000 882.3
640000 852.5
645000 860.3
650000 856.7
655000 870.6
660000 882.8
665000 886.1
670000 880.5
675000 888.8
680000 883.8
685000 865.0
690000 888.4
695000 871.7
700000 863.6
705000 889.3
710000 882.1
715000 875.3
720000 883.4
725000 869.2
730000 871.1
735000 881.8
740000 888.0
745000 878.7
750000 877.1
755000 877.4
760000 886.1
765000 877.0
770000 881.9
775000 888.0
780000 889.5
785000 877.1
790000 851.1
795000 879.5
800000 861.5
805000 881.4
810000 882.6
815000 870.6
820000 888.0
825000 891.4
830000 889.8
835000 886.8
840000 890.4
845000 894.8
850000 891.6
855000 878.6
860000 874.8
865000 874.0
870000 893.3
875000 890.8
880000 877.2
885000 894.7
890000 893.3
895000 885.9
900000 892.0
905000 857.7
910000 879.2
915000 882.5
920000 845.5
925000 866.4
930000 891.9
935000 878.1
940000 895.2
945000 893.9
950000 892.2
955000 899.2
960000 889.4
965000 903.0
970000 895.9
975000 893.1
980000 897.9
985000 830.5
990000 892.9
995000 884.4
1000000 892.0
1005000 883.4
1010000 458.4
1015000 673.9
1020000 801.5
1025000 824.8
1030000 644.6
1035000 871.1
1040000 709.8
1045000 721.3
1050000 772.1
1055000 885.8
1060000 776.5
1065000 784.9
1070000 861.5
1075000 717.9
1080000 806.0
1085000 854.9
1090000 600.8
1095000 830.9
1100000 887.4
1105000 815.4
1110000 805.9
1115000 869.2
1120000 876.2
1125000 835.4
1130000 869.7
1135000 864.5
1140000 863.3
1145000 877.0
1150000 884.8
1155000 894.8
1160000 599.5
1165000 873.9
1170000 875.1
1175000 820.7
1180000 865.4
1185000 883.1
1190000 787.7
1195000 896.2
1200000 822.2
1205000 862.4
1210000 889.6
1215000 893.3
1220000 894.9
1225000 816.5
1230000 891.2
1235000 899.1
1240000 901.6
1245000 904.8
1250000 898.5
1255000 902.4
1260000 897.3
1265000 903.5
1270000 883.0
1275000 885.5
1280000 871.5
1285000 785.3
1290000 780.9
1295000 898.7
1300000 904.5
1305000 898.1
1310000 865.3
1315000 895.9
1320000 904.0
1325000 892.8
1330000 901.4
1335000 900.6
1340000 807.4
1345000 868.9
1350000 884.5
1355000 899.4
1360000 867.6
1365000 885.7
1370000 840.3
1375000 894.2
1380000 873.2
1385000 877.5
1390000 907.3
1395000 864.0
1400000 877.9
1405000 903.7
1410000 874.0
1415000 811.3
1420000 833.2
1425000 760.1
1430000 888.5
1435000 893.2
1440000 811.5
1445000 856.7
1450000 889.5
1455000 905.7
1460000 899.0
1465000 894.7
1470000 881.0
1475000 896.0
1480000 902.0
1485000 896.0
1490000 903.2
1495000 903.1
1500000 808.8
1505000 823.8
1510000 841.9
1515000 876.6
1520000 807.7
1525000 904.5
1530000 904.9
1535000 885.6
1540000 907.3
1545000 906.9
1550000 901.5
1555000 902.0
1560000 885.4
1565000 847.5
1570000 846.3
1575000 851.9
1580000 907.3
1585000 896.3
1590000 904.9
1595000 899.8
1600000 884.9
1605000 903.0
1610000 901.3
1615000 903.3
1620000 905.3
1625000 899.8
1630000 879.3
1635000 907.3
1640000 837.3
1645000 900.7
1650000 861.9
1655000 895.5
1660000 886.2
1665000 907.7
1670000 904.1
1675000 900.4
1680000 901.1
1685000 904.8
1690000 887.7
1695000 909.4
1700000 907.8
1705000 903.4
1710000 907.7
1715000 910.7
1720000 904.7
1725000 908.8
1730000 911.4
1735000 906.4
1740000 903.6
1745000 902.9
1750000 864.6
1755000 899.4
1760000 879.6
1765000 903.4
1770000 894.8
1775000 874.7
1780000 904.1
1785000 901.0
1790000 906.9
1795000 880.9
1800000 848.2
1805000 903.6
1810000 905.7
1815000 908.0
1820000 902.3
1825000 827.5
1830000 821.1
1835000 910.3
1840000 899.6
1845000 812.7
1850000 874.4
1855000 899.7
1860000 904.9
1865000 901.9
1870000 909.3
1875000 810.0
1880000 910.2
1885000 905.1
1890000 906.0
1895000 905.9
1900000 830.4
1905000 908.5
1910000 820.4
1915000 904.5
1920000 906.9
1925000 909.0
1930000 906.4
1935000 905.4
1940000 696.9
1945000 910.8
1950000 907.6
1955000 906.4
1960000 905.1
1965000 907.3
1970000 904.2
1975000 872.0
1980000 910.1
1985000 906.4
1990000 908.9
1995000 904.8
2000000 900.1
