5000 0.3
10000 12.8
15000 1.3
20000 0.7
25000 0.8
30000 2.8
35000 36.2
40000 1.6
45000 118.3
50000 47.2
55000 14.0
60000 36.3
65000 82.1
70000 115.2
75000 129.1
80000 168.2
85000 97.1
90000 100.2
95000 189.2
100000 204.7
105000 239.5
110000 213.1
115000 240.9
120000 294.6
125000 371.4
130000 240.3
135000 420.3
140000 301.9
145000 424.8
150000 385.2
155000 478.8
160000 493.9
165000 492.3
170000 518.5
175000 583.1
180000 620.8
185000 458.5
190000 649.3
195000 670.9
200000 690.2
205000 709.0
210000 693.5
215000 719.7
220000 692.1
225000 736.1
230000 705.0
235000 745.4
240000 745.4
245000 742.5
250000 778.1
255000 714.6
260000 635.5
265000 826.2
270000 820.1
275000 838.9
280000 836.7
285000 769.1
290000 824.4
295000 824.9
300000 827.1
305000 827.7
310000 830.3
315000 767.2
320000 830.8
325000 857.7
330000 838.9
335000 799.5
340000 830.6
345000 840.1
350000 793.4
355000 752.3
360000 847.3
365000 869.2
370000 841.8
375000 829.6
380000 851.2
385000 867.1
390000 849.5
395000 820.8
400000 820.8
405000 835.5
410000 772.5
415000 821.0
420000 863.2
425000 858.8
430000 859.8
435000 847.2
440000 828.2
445000 848.5
450000 842.0
455000 831.7
460000 836.4
465000 824.2
470000 789.5
475000 860.5
480000 873.7
485000 867.1
490000 855.5
495000 863.3
500000 865.2
505000 864.0
510000 861.3
515000 870.4
520000 873.1
525000 817.4
530000 378.2
535000 864.6
540000 871.5
545000 870.7
550000 848.1
555000 871.7
560000 857.2
565000 874.0
570000 860.1
575000 856.2
580000 867.7
585000 862.7
590000 879.1
595000 869.6
600000 859.3
605000 873.9
610000 874.1
615000 881.1
620000 867.3
625000 857.0
630000 879.1
635000 864.9
640000 876.9
645000 879.1
650000 882.5
655000 878.5
660000 880.9
665000 876.6
670000 880.8
675000 872.4
680000 884.8
685000 878.7
690000 868.6
695000 870.7
700000 875.1
705000 834.2
710000 879.8
715000 878.7
720000 886.6
725000 877.3
730000 876.8
735000 873.7
740000 883.4
745000 882.5
750000 883.4
755000 879.6
760000 861.1
765000 884.4
770000 885.8
775000 888.3
780000 880.3
785000 880.8
790000 880.1
795000 873.1
800000 862.9
805000 882.0
810000 867.4
815000 880.7
820000 874.5
825000 884.5
830000 882.7
835000 875.9
840000 885.1
845000 884.1
850000 860.4
855000 877.6
860000 885.2
865000 867.4
870000 875.0
875000 880.8
880000 876.9
885000 880.4
890000 806.5
895000 858.9
900000 850.2
905000 881.2
910000 883.3
915000 864.4
920000 886.2
925000 875.3
930000 847.8
935000 883.5
940000 885.5
945000 879.0
950000 888.0
955000 880.7
960000 882.7
965000 878.2
970000 884.3
975000 885.6
980000 882.6
985000 881.1
990000 882.5
995000 890.7
1000000 869.5
1005000 873.4
1010000 872.8
1015000 870.6
1020000 875.8
1025000 863.7
1030000 786.2
1035000 863.7
1040000 640.7
1045000 719.2
1050000 742.6
1055000 877.4
1060000 884.2
1065000 838.5
1070000 878.2
1075000 871.4
1080000 872.0
1085000 801.2
1090000 879.4
1095000 887.2
1100000 884.4
1105000 887.0
1110000 875.6
1115000 866.8
1120000 884.0
1125000 783.0
1130000 882.2
1135000 801.3
1140000 881.6
1145000 863.8
1150000 869.5
1155000 895.8
1160000 886.7
1165000 890.0
1170000 885.1
1175000 888.8
1180000 891.5
1185000 872.7
1190000 885.1
1195000 896.1
1200000 882.5
1205000 892.6
1210000 848.0
1215000 888.6
1220000 878.8
1225000 881.9
1230000 894.2
1235000 882.5
1240000 873.4
1245000 891.2
1250000 896.2
1255000 900.4
1260000 896.9
1265000 902.4
1270000 896.3
1275000 899.3
1280000 896.6
1285000 895.9
1290000 899.3
1295000 877.6
1300000 897.2
1305000 895.6
1310000 899.5
1315000 899.0
1320000 892.9
1325000 806.7
1330000 892.3
1335000 898.6
1340000 633.2
1345000 883.9
1350000 134.5
1355000 827.8
1360000 896.1
1365000 894.9
1370000 902.4
1375000 882.4
1380000 889.5
1385000 895.8
1390000 890.8
1395000 889.7
1400000 900.5
1405000 896.8
1410000 886.9
1415000 888.2
1420000 878.3
1425000 899.8
1430000 886.4
1435000 849.9
1440000 888.3
1445000 894.1
1450000 893.3
1455000 885.8
1460000 859.4
1465000 903.5
1470000 895.2
1475000 895.7
1480000 901.5
1485000 892.6
1490000 888.3
1495000 893.5
1500000 893.5
1505000 881.0
1510000 889.0
1515000 895.0
1520000 893.7
1525000 527.8
1530000 854.0
1535000 2.2
1540000 2.6
1545000 822.4
1550000 902.5
1555000 900.7
1560000 893.1
1565000 814.1
1570000 893.5
1575000 902.5
1580000 892.7
1585000 891.1
1590000 879.8
1595000 896.3
1600000 894.6
1605000 899.7
1610000 863.1
1615000 730.9
1620000 884.3
1625000 878.8
1630000 900.8
1635000 898.2
1640000 897.5
1645000 899.6
1650000 899.7
1655000 898.7
1660000 885.9
1665000 885.0
1670000 889.8
1675000 858.5
1680000 904.0
1685000 898.1
1690000 902.9
1695000 893.6
1700000 901.0
1705000 899.1
1710000 894.3
1715000 788.9
1720000 897.2
1725000 900.7
1730000 898.7
1735000 890.1
1740000 896.9
1745000 887.0
1750000 892.6
1755000 880.1
1760000 902.3
1765000 895.6
1770000 904.1
1775000 887.9
1780000 898.8
1785000 885.7
1790000 897.2
1795000 901.0
1800000 897.0
1805000 900.6
1810000 895.3
1815000 892.1
1820000 902.4
1825000 891.5
1830000 900.4
1835000 898.9
1840000 896.6
1845000 901.5
1850000 896.3
1855000 886.3
1860000 900.4
1865000 883.2
1870000 897.9
1875000 893.4
1880000 900.1
1885000 903.4
1890000 900.7
1895000 901.6
1900000 826.5
1905000 900.6
1910000 905.2
1915000 900.7
1920000 901.7
1925000 903.5
1930000 886.0
1935000 900.7
1940000 904.0
1945000 892.1
1950000 898.0
1955000 893.4
1960000 896.0
1965000 899.0
1970000 901.5
1975000 880.5
1980000 903.9
1985000 898.1
1990000 897.9
1995000 901.6
2000000 900.7
