5000 0.2
10000 0.0
15000 1.9
20000 6.1
25000 0.2
30000 27.3
35000 7.1
40000 18.9
45000 57.6
50000 0.5
55000 43.1
60000 70.9
65000 72.5
70000 56.3
75000 137.3
80000 55.6
85000 192.7
90000 107.3
95000 82.7
100000 174.1
105000 164.2
110000 166.4
115000 244.1
120000 273.1
125000 334.0
130000 304.3
135000 335.0
140000 457.8
145000 388.6
150000 446.8
155000 509.9
160000 491.0
165000 481.8
170000 522.9
175000 540.7
180000 568.8
185000 492.8
190000 576.2
195000 627.1
200000 624.3
205000 528.4
210000 608.2
215000 583.4
220000 637.9
225000 546.3
230000 657.8
235000 657.6
240000 670.2
245000 647.6
250000 660.6
255000 682.1
260000 646.5
265000 698.1
270000 653.9
275000 673.2
280000 707.3
285000 724.5
290000 565.7
295000 696.3
300000 745.0
305000 726.3
310000 712.0
315000 734.2
320000 767.1
325000 766.6
330000 628.4
335000 768.0
340000 734.7
345000 766.9
350000 728.5
355000 837.4
360000 818.8
365000 792.5
370000 737.2
375000 769.0
380000 761.9
385000 773.6
390000 773.1
395000 822.5
400000 814.3
405000 770.1
410000 759.7
415000 793.0
420000 825.5
425000 794.5
430000 837.5
435000 782.0
440000 457.7
445000 809.9
450000 851.8
455000 795.9
460000 805.1
465000 785.2
470000 859.6
475000 820.2
480000 842.0
485000 868.0
490000 853.2
495000 856.6
500000 854.3
505000 857.4
510000 872.7
515000 388.5
520000 192.5
525000 798.4
530000 881.6
535000 854.8
540000 847.5
545000 871.9
550000 858.9
555000 883.4
560000 873.6
565000 856.7
570000 884.8
575000 872.3
580000 849.7
585000 861.8
590000 885.8
595000 878.7
600000 883.0
605000 881.3
610000 883.2
615000 888.6
620000 877.0
625000 869.9
630000 890.2
635000 878.6
640000 879.2
645000 885.9
650000 885.9
655000 875.6
660000 871.5
665000 874.3
670000 890.3
675000 886.4
680000 881.1
685000 882.5
690000 887.7
695000 883.1
700000 820.8
705000 889.6
710000 829.0
715000 886.4
720000 883.7
725000 878.7
730000 884.9
735000 889.6
740000 879.1
745000 887.7
750000 888.2
755000 878.9
760000 882.7
765000 889.6
770000 886.4
775000 880.1
780000 877.6
785000 893.0
790000 873.1
795000 886.6
800000 857.0
805000 888.3
810000 889.9
815000 884.1
820000 840.0
825000 889.6
830000 893.5
835000 881.0
840000 893.5
845000 892.6
850000 891.5
855000 867.8
860000 892.5
865000 880.7
870000 893.5
875000 890.4
880000 882.2
885000 888.3
890000 891.1
895000 888.4
900000 887.5
905000 887.4
910000 890.8
915000 890.6
920000 760.5
925000 888.7
930000 888.9
935000 893.9
940000 895.5
945000 893.0
950000 893.7
955000 891.9
960000 870.7
965000 881.7
970000 780.4
975000 896.0
980000 894.9
985000 888.5
990000 882.4
995000 885.9
1000000 892.2
1005000 868.1
1010000 859.5
1015000 892.9
1020000 841.0
1025000 891.4
1030000 882.3
1035000 784.4
1040000 871.0
1045000 851.7
1050000 820.5
1055000 811.5
1060000 787.9
1065000 890.1
1070000 647.3
1075000 887.2
1080000 884.4
1085000 886.5
1090000 882.2
1095000 893.8
1100000 838.0
1105000 881.8
1110000 893.2
1115000 870.9
1120000 831.2
1125000 895.3
1130000 888.8
1135000 893.3
1140000 891.8
1145000 882.3
1150000 900.3
1155000 897.9
1160000 893.0
1165000 797.4
1170000 904.2
1175000 899.2
1180000 901.0
1185000 888.0
1190000 886.6
1195000 878.9
1200000 812.6
1205000 891.7
1210000 899.8
1215000 901.1
1220000 900.7
1225000 902.7
1230000 904.2
1235000 892.5
1240000 906.0
1245000 893.8
1250000 788.1
1255000 883.6
1260000 891.4
1265000 892.5
1270000 903.8
1275000 905.4
1280000 903.7
1285000 898.5
1290000 891.2
1295000 899.9
1300000 902.3
1305000 899.2
1310000 896.5
1315000 903.6
1320000 907.2
1325000 909.0
1330000 907.2
1335000 900.6
1340000 892.8
1345000 867.8
1350000 888.4
1355000 902.4
1360000 904.4
1365000 824.3
1370000 895.6
1375000 831.5
1380000 727.5
1385000 829.8
1390000 909.1
1395000 898.1
1400000 904.4
1405000 640.3
1410000 897.8
1415000 906.1
1420000 907.0
1425000 886.7
1430000 903.1
1435000 880.2
1440000 904.3
1445000 904.4
1450000 881.1
1455000 907.9
1460000 893.9
1465000 903.5
1470000 897.0
1475000 898.7
1480000 899.3
1485000 629.3
1490000 904.2
1495000 881.7
1500000 874.1
1505000 900.0
1510000 903.5
1515000 807.3
1520000 899.9
1525000 901.9
1530000 907.9
1535000 901.0
1540000 901.0
1545000 907.6
1550000 909.7
1555000 903.0
1560000 906.3
1565000 905.2
1570000 901.0
1575000 908.1
1580000 910.1
1585000 905.5
1590000 910.8
1595000 832.2
1600000 899.7
1605000 897.1
1610000 869.1
1615000 873.4
1620000 904.2
1625000 905.9
1630000 887.1
1635000 813.4
1640000 909.6
1645000 895.3
1650000 905.1
1655000 901.0
1660000 904.0
1665000 899.2
1670000 892.7
1675000 837.9
1680000 910.9
1685000 905.4
1690000 904.5
1695000 909.4
1700000 906.7
1705000 889.0
1710000 904.8
1715000 905.5
1720000 909.7
1725000 907.0
1730000 904.0
1735000 905.1
1740000 901.0
1745000 900.3
1750000 908.7
1755000 837.7
1760000 909.4
1765000 904.5
1770000 903.1
1775000 903.4
1780000 910.4
1785000 907.1
1790000 909.5
1795000 907.1
1800000 913.1
1805000 907.2
1810000 902.9
1815000 909.8
1820000 907.9
1825000 908.6
1830000 908.0
1835000 894.7
1840000 910.8
1845000 911.2
1850000 908.4
1855000 907.6
1860000 908.1
1865000 904.4
1870000 906.5
1875000 910.7
1880000 911.0
1885000 908.3
1890000 905.8
1895000 861.7
1900000 912.6
1905000 909.0
1910000 905.2
1915000 907.7
1920000 910.9
1925000 909.4
1930000 911.0
1935000 903.4
1940000 913.5
1945000 910.4
1950000 907.6
1955000 903.4
1960000 911.5
1965000 913.8
1970000 907.4
1975000 913.3
1980000 906.5
1985000 907.6
1990000 834.0
1995000 907.9
2000000 910.3
