5000 0.6
10000 0.4
15000 0.5
20000 0.2
25000 39.8
30000 0.3
35000 25.5
40000 31.7
45000 76.7
50000 81.8
55000 4.4
60000 57.0
65000 46.3
70000 48.4
75000 38.1
80000 43.8
85000 34.3
90000 47.9
95000 65.3
100000 82.8
105000 87.6
110000 98.7
115000 89.2
120000 105.2
125000 115.9
130000 106.4
135000 309.1
140000 144.7
145000 156.0
150000 211.2
155000 115.7
160000 115.9
165000 124.8
170000 290.3
175000 366.7
180000 321.5
185000 332.7
190000 396.1
195000 345.3
200000 445.0
205000 432.3
210000 462.6
215000 455.4
220000 485.5
225000 515.8
230000 470.2
235000 513.2
240000 527.8
245000 675.3
250000 639.8
255000 657.4
260000 713.0
265000 698.6
270000 703.2
275000 730.5
280000 655.4
285000 752.1
290000 742.3
295000 740.4
300000 758.7
305000 724.9
310000 727.4
315000 753.3
320000 726.2
325000 673.6
330000 782.2
335000 794.5
340000 654.3
345000 801.1
350000 529.9
355000 724.5
360000 272.0
365000 836.0
370000 794.0
375000 825.8
380000 797.2
385000 842.1
390000 836.6
395000 793.0
400000 839.4
405000 192.6
410000 862.3
415000 833.0
420000 817.2
425000 820.1
430000 865.4
435000 872.1
440000 823.2
445000 860.6
450000 851.4
455000 803.0
460000 856.7
465000 844.5
470000 884.2
475000 857.0
480000 857.9
485000 360.8
490000 847.4
495000 822.1
500000 862.0
505000 861.6
510000 852.3
515000 868.3
520000 781.8
525000 865.3
530000 885.0
535000 867.9
540000 865.8
545000 659.8
550000 852.3
555000 867.4
560000 885.8
565000 824.1
570000 889.0
575000 865.2
580000 881.2
585000 832.0
590000 856.3
595000 875.5
600000 878.6
605000 790.7
610000 784.5
615000 771.1
620000 863.7
625000 867.9
630000 880.6
635000 889.6
640000 883.3
645000 872.8
650000 818.5
655000 867.0
660000 870.0
665000 873.0
670000 879.1
675000 855.3
680000 877.3
685000 885.4
690000 873.1
695000 866.7
700000 874.1
705000 875.3
710000 884.5
715000 853.2
720000 869.7
725000 885.3
730000 890.5
735000 861.3
740000 882.8
745000 894.6
750000 893.9
755000 892.2
760000 889.0
765000 883.5
770000 888.0
775000 874.8
780000 886.7
785000 882.7
790000 897.1
795000 894.1
800000 891.7
805000 889.6
810000 883.3
815000 894.8
820000 894.5
825000 890.0
830000 892.2
835000 889.0
840000 864.4
845000 888.1
850000 890.0
855000 884.9
860000 894.2
865000 893.3
870000 886.1
875000 886.8
880000 887.5
885000 888.2
890000 891.1
895000 892.3
900000 888.7
905000 885.8
910000 890.7
915000 891.2
920000 877.0
925000 891.6
930000 890.6
935000 843.8
940000 894.1
945000 880.1
950000 894.2
955000 883.7
960000 884.3
965000 894.6
970000 893.5
975000 846.0
980000 891.4
985000 895.2
990000 887.9
995000 890.7
1000000 892.9
1005000 828.7
1010000 870.5
1015000 547.9
1020000 748.5
1025000 794.0
1030000 688.2
1035000 885.7
1040000 695.0
1045000 839.5
1050000 684.6
1055000 787.0
1060000 863.8
1065000 890.7
1070000 809.4
1075000 896.0
1080000 871.0
1085000 884.3
1090000 860.4
1095000 857.7
1100000 883.1
1105000 859.8
1110000 878.9
1115000 838.9
1120000 891.7
1125000 884.7
1130000 879.2
1135000 801.9
1140000 810.6
1145000 889.2
1150000 881.4
1155000 894.3
1160000 896.9
1165000 895.3
1170000 765.4
1175000 876.9
1180000 838.1
1185000 824.7
1190000 890.1
1195000 858.5
1200000 898.1
1205000 894.6
1210000 898.5
1215000 858.5
1220000 900.5
1225000 899.3
1230000 878.8
1235000 896.2
1240000 873.5
1245000 899.5
1250000 899.2
1255000 845.2
1260000 815.6
1265000 893.1
1270000 870.4
1275000 837.8
1280000 889.9
1285000 899.1
1290000 893.5
1295000 819.3
1300000 899.9
1305000 890.4
1310000 801.6
1315000 885.5
1320000 893.7
1325000 895.9
1330000 897.3
1335000 894.9
1340000 903.1
1345000 901.8
1350000 876.3
1355000 898.5
1360000 901.7
1365000 903.3
1370000 902.3
1375000 903.5
1380000 895.9
1385000 905.0
1390000 905.1
1395000 827.7
1400000 882.7
1405000 901.1
1410000 857.0
1415000 900.3
1420000 882.2
1425000 903.3
1430000 902.1
1435000 898.8
1440000 824.2
1445000 903.0
1450000 906.6
1455000 902.2
1460000 905.9
1465000 867.6
1470000 903.2
1475000 899.9
1480000 894.0
1485000 905.1
1490000 902.5
1495000 900.1
1500000 904.9
1505000 905.1
1510000 901.1
1515000 908.4
1520000 902.5
1525000 895.9
1530000 900.2
1535000 902.5
1540000 836.0
1545000 896.5
1550000 907.2
1555000 840.8
1560000 901.1
1565000 904.6
1570000 906.1
1575000 905.8
1580000 907.4
1585000 905.1
1590000 897.2
1595000 902.6
1600000 902.4
1605000 900.7
1610000 903.2
1615000 902.7
1620000 900.5
1625000 894.2
1630000 902.6
1635000 905.0
1640000 899.7
1645000 898.2
1650000 907.2
1655000 906.4
1660000 906.0
1665000 885.9
1670000 887.9
1675000 889.3
1680000 906.4
1685000 904.4
1690000 904.8
1695000 906.0
1700000 903.3
1705000 907.3
1710000 894.6
1715000 898.0
1720000 898.9
1725000 903.6
1730000 821.8
1735000 901.9
1740000 904.5
1745000 900.1
1750000 901.7
1755000 849.8
1760000 900.1
1765000 906.3
1770000 906.4
1775000 905.6
1780000 898.8
1785000 898.4
1790000 905.1
1795000 905.8
1800000 903.2
1805000 904.1
1810000 906.4
1815000 905.9
1820000 905.1
1825000 894.9
1830000 905.6
1835000 905.0
1840000 907.0
1845000 899.8
1850000 888.9
1855000 904.9
1860000 905.4
1865000 900.1
1870000 903.0
1875000 893.0
1880000 909.3
1885000 897.6
1890000 902.3
1895000 906.0
1900000 909.7
1905000 906.4
1910000 900.6
1915000 903.8
1920000 896.6
1925000 907.4
1930000 890.2
1935000 900.5
1940000 909.1
1945000 897.1
1950000 906.0
1955000 907.4
1960000 907.0
1965000 897.2
1970000 901.9
1975000 903.5
1980000 900.6
1985000 903.0
1990000 899.1
1995000 899.2
2000000 905.8
