5000 0.5
10000 0.3
15000 0.6
20000 22.4
25000 10.6
30000 19.3
35000 16.7
40000 124.9
45000 42.4
50000 69.7
55000 45.3
60000 46.0
65000 155.6
70000 111.1
75000 122.2
80000 240.4
85000 126.3
90000 183.3
95000 256.2
100000 135.5
105000 197.3
110000 270.0
115000 301.4
120000 175.7
125000 271.5
130000 390.2
135000 329.6
140000 447.5
145000 540.3
150000 534.7
155000 547.6
160000 592.4
165000 582.3
170000 591.5
175000 569.6
180000 612.0
185000 598.4
190000 607.0
195000 659.4
200000 672.9
205000 707.6
210000 668.3
215000 709.2
220000 706.4
225000 698.3
230000 714.3
235000 714.9
240000 735.7
245000 709.6
250000 693.5
255000 692.8
260000 731.4
265000 731.8
270000 768.9
275000 784.1
280000 734.3
285000 769.9
290000 733.2
295000 771.7
300000 803.9
305000 779.8
310000 812.6
315000 794.5
320000 797.4
325000 779.5
330000 793.8
335000 799.8
340000 795.8
345000 774.0
350000 769.9
355000 739.8
360000 769.5
365000 728.5
370000 797.8
375000 786.0
380000 814.1
385000 714.5
390000 796.4
395000 807.2
400000 833.4
405000 843.4
410000 837.2
415000 858.2
420000 831.0
425000 867.3
430000 856.2
435000 793.6
440000 847.9
445000 871.6
450000 853.1
455000 871.7
460000 849.4
465000 866.2
470000 860.2
475000 794.1
480000 862.4
485000 846.0
490000 872.0
495000 858.6
500000 862.4
505000 868.3
510000 867.5
515000 807.5
520000 872.4
525000 873.2
530000 844.8
535000 876.4
540000 846.2
545000 868.2
550000 870.6
555000 862.5
560000 878.4
565000 818.7
570000 865.5
575000 873.6
580000 862.4
585000 876.8
590000 870.9
595000 873.2
600000 840.5
605000 879.0
610000 876.0
615000 864.8
620000 871.2
625000 855.6
630000 866.6
635000 875.9
640000 869.2
645000 876.2
650000 857.2
655000 832.0
660000 876.7
665000 878.3
670000 874.3
675000 867.1
680000 878.6
685000 866.9
690000 877.3
695000 883.2
700000 870.8
705000 876.3
710000 878.0
715000 871.5
720000 870.7
725000 879.5
730000 842.5
735000 866.4
740000 879.9
745000 878.4
750000 881.5
755000 878.1
760000 878.0
765000 880.5
770000 808.5
775000 888.1
780000 824.3
785000 878.4
790000 878.5
795000 885.8
800000 868.4
805000 882.1
810000 881.7
815000 882.3
820000 844.4
825000 875.5
830000 881.0
835000 885.8
840000 837.1
845000 880.8
850000 883.2
855000 878.9
860000 884.3
865000 887.8
870000 886.8
875000 874.1
880000 887.8
885000 889.2
890000 885.5
895000 887.0
900000 368.7
905000 889.2
910000 884.5
915000 891.0
920000 887.7
925000 856.3
930000 887.6
935000 890.3
940000 886.5
945000 883.4
950000 886.6
955000 891.3
960000 880.9
965000 890.5
970000 887.8
975000 889.5
980000 886.4
985000 891.9
990000 891.9
995000 890.3
1000000 889.8
1005000 879.9
1010000 841.6
1015000 878.8
1020000 827.2
1025000 880.6
1030000 868.0
1035000 870.6
1040000 889.0
1045000 871.8
1050000 879.8
1055000 872.1
1060000 881.7
1065000 873.1
1070000 880.3
1075000 793.8
1080000 623.8
1085000 881.9
1090000 880.8
1095000 863.8
1100000 881.5
1105000 870.6
1110000 871.7
1115000 785.3
1120000 889.1
1125000 889.6
1130000 878.2
1135000 872.5
1140000 888.7
1145000 887.9
1150000 749.6
1155000 890.2
1160000 782.9
1165000 895.6
1170000 890.7
1175000 823.0
1180000 902.9
1185000 895.2
1190000 884.5
1195000 873.2
1200000 720.5
1205000 212.8
1210000 636.3
1215000 463.3
1220000 504.5
1225000 880.4
1230000 615.5
1235000 890.4
1240000 885.2
1245000 878.2
1250000 893.7
1255000 898.1
1260000 718.7
1265000 860.0
1270000 883.7
1275000 892.4
1280000 894.2
1285000 883.5
1290000 898.6
1295000 891.4
1300000 888.9
1305000 889.6
1310000 892.8
1315000 900.3
1320000 895.4
1325000 872.2
1330000 893.9
1335000 893.7
1340000 899.3
1345000 903.1
1350000 855.3
1355000 892.7
1360000 876.5
1365000 892.9
1370000 896.0
1375000 902.7
1380000 903.8
1385000 896.5
1390000 895.9
1395000 901.5
1400000 892.4
1405000 898.8
1410000 895.9
1415000 902.0
1420000 897.6
1425000 886.8
1430000 902.4
1435000 899.6
1440000 814.6
1445000 898.5
1450000 899.7
1455000 899.6
1460000 897.8
1465000 906.9
1470000 903.8
1475000 892.9
1480000 882.4
1485000 904.5
1490000 896.1
1495000 903.8
1500000 908.7
1505000 903.3
1510000 906.7
1515000 902.8
1520000 905.4
1525000 902.4
1530000 907.1
1535000 903.7
1540000 902.4
1545000 901.1
1550000 902.5
1555000 905.9
1560000 903.4
1565000 903.1
1570000 900.7
1575000 910.8
1580000 882.3
1585000 899.1
1590000 906.1
1595000 905.0
1600000 893.7
1605000 893.5
1610000 898.8
1615000 890.8
1620000 905.8
1625000 906.6
1630000 904.6
1635000 903.4
1640000 907.1
1645000 906.5
1650000 907.2
1655000 906.0
1660000 897.8
1665000 906.0
1670000 900.5
1675000 901.8
1680000 908.6
1685000 909.4
1690000 909.3
1695000 900.7
1700000 902.9
1705000 905.8
1710000 904.6
1715000 907.6
1720000 910.1
1725000 897.2
1730000 833.6
1735000 902.3
1740000 818.1
1745000 902.9
1750000 894.7
1755000 900.7
1760000 908.9
1765000 909.6
1770000 907.5
1775000 903.2
1780000 907.3
1785000 891.7
1790000 904.4
1795000 901.3
1800000 901.5
1805000 900.6
1810000 908.0
1815000 907.9
1820000 885.0
1825000 896.0
1830000 906.1
1835000 910.3
1840000 902.3
1845000 908.2
1850000 911.2
1855000 904.1
1860000 901.2
1865000 907.4
1870000 910.5
1875000 905.6
1880000 888.7
1885000 902.1
1890000 910.1
1895000 905.2
1900000 909.7
1905000 904.5
1910000 909.0
1915000 902.3
1920000 904.8
1925000 907.7
1930000 737.6
1935000 905.1
1940000 906.4
1945000 784.5
1950000 909.1
1955000 907.8
1960000 891.4
1965000 903.9
1970000 908.6
1975000 869.6
1980000 902.1
1985000 912.2
1990000 901.4
1995000 910.6
2000000 899.6
