5000 0.2
10000 10.6
15000 0.1
20000 12.5
25000 27.3
30000 71.4
35000 40.3
40000 70.5
45000 207.9
50000 158.0
55000 256.6
60000 207.8
65000 169.7
70000 191.5
75000 249.5
80000 238.3
85000 318.5
90000 266.0
95000 341.0
100000 350.6
105000 392.3
110000 416.6
115000 420.8
120000 441.2
125000 460.1
130000 445.9
135000 491.7
140000 444.6
145000 493.0
150000 517.9
155000 354.4
160000 418.3
165000 523.1
170000 570.5
175000 543.6
180000 561.1
185000 504.0
190000 574.0
195000 558.2
200000 581.8
205000 591.7
210000 627.4
215000 583.5
220000 645.1
225000 627.8
230000 599.5
235000 623.8
240000 578.6
245000 543.3
250000 622.8
255000 533.1
260000 646.3
265000 518.8
270000 569.0
275000 642.3
280000 646.9
285000 653.0
290000 696.3
295000 660.8
300000 691.7
305000 321.4
310000 668.0
315000 700.6
320000 752.6
325000 740.8
330000 736.0
335000 757.4
340000 712.5
345000 762.3
350000 737.3
355000 764.8
360000 760.4
365000 781.6
370000 708.5
375000 754.2
380000 782.7
385000 771.9
390000 804.9
395000 556.8
400000 758.4
405000 705.0
410000 639.8
415000 720.8
420000 782.2
425000 808.1
430000 823.5
435000 819.4
440000 803.5
445000 822.5
450000 98.1
455000 815.2
460000 833.4
465000 799.8
470000 837.2
475000 796.0
480000 824.1
485000 803.0
490000 850.6
495000 834.0
500000 845.5
505000 845.9
510000 848.9
515000 862.7
520000 845.0
525000 844.8
530000 853.2
535000 868.9
540000 855.1
545000 840.4
550000 848.7
555000 847.6
560000 844.4
565000 871.7
570000 851.1
575000 843.4
580000 832.4
585000 859.9
590000 863.2
595000 873.3
600000 871.3
605000 844.2
610000 863.3
615000 859.6
620000 870.6
625000 840.5
630000 814.7
635000 876.7
640000 869.3
645000 875.1
650000 881.0
655000 846.9
660000 873.8
665000 868.1
670000 854.4
675000 869.8
680000 862.3
685000 842.1
690000 879.2
695000 854.2
700000 864.4
705000 876.2
710000 879.2
715000 821.5
720000 883.6
725000 868.8
730000 876.9
735000 875.4
740000 875.1
745000 851.3
750000 886.0
755000 871.1
760000 872.3
765000 857.7
770000 872.1
775000 837.4
780000 867.4
785000 875.1
790000 877.0
795000 892.3
800000 873.5
805000 838.6
810000 875.3
815000 881.5
820000 824.0
825000 868.2
830000 889.8
835000 870.9
840000 880.4
845000 880.2
850000 887.7
855000 886.0
860000 883.5
865000 862.0
870000 879.0
875000 881.2
880000 832.6
885000 857.4
890000 844.9
895000 857.0
900000 876.0
905000 846.0
910000 894.0
915000 871.2
920000 866.2
925000 876.4
930000 835.0
935000 873.7
940000 872.4
945000 866.7
950000 889.9
955000 893.5
960000 883.6
965000 875.0
970000 874.6
975000 897.4
980000 867.6
985000 877.3
990000 886.2
995000 859.2
1000000 884.0
1005000 560.6
1010000 681.5
1015000 843.6
1020000 818.4
1025000 765.0
1030000 810.0
1035000 856.7
1040000 844.0
1045000 861.4
1050000 863.5
1055000 868.2
1060000 803.4
1065000 882.6
1070000 872.2
1075000 859.4
1080000 880.8
1085000 888.5
1090000 865.6
1095000 803.1
1100000 892.8
1105000 855.5
1110000 886.7
1115000 866.3
1120000 888.4
1125000 881.2
1130000 869.8
1135000 891.3
1140000 882.9
1145000 891.0
1150000 865.4
1155000 889.5
1160000 897.0
1165000 895.5
1170000 884.0
1175000 888.3
1180000 891.1
1185000 877.9
1190000 895.3
1195000 813.5
1200000 886.9
1205000 888.5
1210000 885.6
1215000 891.5
1220000 891.9
1225000 879.5
1230000 802.5
1235000 875.4
1240000 889.1
1245000 894.2
1250000 887.3
1255000 898.4
1260000 879.7
1265000 900.4
1270000 850.6
1275000 902.2
1280000 888.5
1285000 891.4
1290000 885.9
1295000 898.0
1300000 880.8
1305000 901.4
1310000 877.4
1315000 902.5
1320000 882.2
1325000 894.9
1330000 883.2
1335000 906.4
1340000 903.0
1345000 885.7
1350000 884.5
1355000 806.1
1360000 899.2
1365000 903.7
1370000 903.4
1375000 885.7
1380000 891.9
1385000 904.2
1390000 883.1
1395000 885.8
1400000 894.6
1405000 901.2
1410000 904.4
1415000 900.5
1420000 908.4
1425000 903.4
1430000 900.8
1435000 902.8
1440000 898.1
1445000 899.7
1450000 882.7
1455000 900.6
1460000 905.7
1465000 897.4
1470000 908.7
1475000 899.4
1480000 907.6
1485000 904.9
1490000 892.3
1495000 908.1
1500000 905.1
1505000 903.1
1510000 898.1
1515000 902.0
1520000 904.7
1525000 888.6
1530000 890.7
1535000 898.6
1540000 899.1
1545000 908.0
1550000 906.2
1555000 903.5
1560000 906.9
1565000 644.7
1570000 902.5
1575000 894.7
1580000 829.2
1585000 909.8
1590000 911.3
1595000 681.1
1600000 129.2
1605000 114.4
1610000 451.0
1615000 732.5
1620000 890.8
1625000 871.0
1630000 882.3
1635000 899.7
1640000 885.2
1645000 896.9
1650000 908.6
1655000 901.7
1660000 819.0
1665000 908.2
1670000 904.3
1675000 861.7
1680000 899.7
1685000 911.2
1690000 909.8
1695000 884.4
1700000 904.0
1705000 908.6
1710000 877.6
1715000 905.6
1720000 904.9
1725000 911.0
1730000 908.4
1735000 906.6
1740000 907.3
1745000 913.7
1750000 906.7
1755000 905.0
1760000 907.9
1765000 909.8
1770000 884.4
1775000 903.7
1780000 909.7
1785000 911.6
1790000 904.5
1795000 744.8
1800000 905.1
1805000 910.4
1810000 911.6
1815000 912.8
1820000 913.7
1825000 907.3
1830000 908.9
1835000 904.2
1840000 908.9
1845000 912.9
1850000 897.5
1855000 728.9
1860000 910.8
1865000 913.1
1870000 910.4
1875000 910.0
1880000 910.6
1885000 909.7
1890000 905.5
1895000 912.7
1900000 905.8
1905000 908.7
1910000 904.8
1915000 906.9
1920000 911.9
1925000 900.7
1930000 907.8
1935000 914.8
1940000 894.7
1945000 911.9
1950000 908.4
1955000 909.2
1960000 907.4
1965000 913.5
1970000 906.4
1975000 907.2
1980000 916.2
1985000 895.0
1990000 907.3
1995000 880.3
2000000 906.5
