5000 1.9
10000 1.0
15000 6.7
20000 19.7
25000 22.9
30000 21.3
35000 11.0
40000 41.6
45000 30.1
50000 36.3
55000 140.9
60000 93.3
65000 117.8
70000 44.0
75000 194.3
80000 352.8
85000 328.1
90000 341.5
95000 397.1
100000 396.2
105000 443.0
110000 504.8
115000 546.9
120000 570.8
125000 569.7
130000 565.3
135000 571.8
140000 617.6
145000 551.0
150000 556.5
155000 529.0
160000 569.2
165000 607.5
170000 602.5
175000 608.1
180000 609.8
185000 502.4
190000 624.5
195000 632.1
200000 636.0
205000 632.6
210000 638.2
215000 641.7
220000 643.4
225000 653.1
230000 651.3
235000 645.8
240000 666.2
245000 657.0
250000 663.4
255000 667.3
260000 655.2
265000 677.2
270000 675.8
275000 699.9
280000 686.7
285000 689.4
290000 693.5
295000 685.7
300000 700.1
305000 672.7
310000 706.9
315000 701.7
320000 685.0
325000 642.5
330000 710.1
335000 716.7
340000 719.7
345000 726.5
350000 727.6
355000 694.7
360000 696.1
365000 707.3
370000 726.8
375000 691.2
380000 720.5
385000 718.1
390000 737.1
395000 694.6
400000 708.0
405000 709.9
410000 670.6
415000 704.4
420000 732.4
425000 714.1
430000 724.3
435000 716.9
440000 680.0
445000 729.2
450000 713.6
455000 734.3
460000 699.5
465000 691.3
470000 742.2
475000 721.9
480000 742.0
485000 731.1
490000 749.3
495000 710.8
500000 740.3
505000 746.5
510000 733.2
515000 700.1
520000 760.8
525000 734.4
530000 745.5
535000 752.0
540000 740.7
545000 708.3
550000 752.2
555000 733.8
560000 705.9
565000 761.1
570000 742.6
575000 702.6
580000 764.0
585000 758.5
590000 658.8
595000 751.8
600000 744.7
605000 761.1
610000 769.7
615000 759.3
620000 768.2
625000 752.9
630000 763.9
635000 730.6
640000 717.5
645000 723.2
650000 653.5
655000 747.6
660000 756.1
665000 759.3
670000 768.4
675000 755.0
680000 765.1
685000 765.8
690000 761.3
695000 760.0
700000 771.5
705000 768.6
710000 754.6
715000 764.9
720000 709.3
725000 749.2
730000 774.4
735000 769.9
740000 760.1
745000 781.4
750000 756.3
755000 759.0
760000 737.9
765000 766.5
770000 760.9
775000 766.9
780000 745.2
785000 758.3
790000 655.0
795000 773.2
800000 759.1
805000 670.8
810000 745.7
815000 785.1
820000 603.3
825000 764.4
830000 769.8
835000 775.8
840000 786.0
845000 780.7
850000 759.5
855000 742.4
860000 765.0
865000 778.7
870000 786.2
875000 787.6
880000 779.4
885000 773.3
890000 778.1
895000 747.6
900000 785.9
905000 740.9
910000 785.6
915000 792.2
920000 775.5
925000 802.2
930000 745.6
935000 780.5
940000 779.8
945000 789.9
950000 748.4
955000 667.6
960000 764.6
965000 772.4
970000 752.4
975000 792.4
980000 779.7
985000 794.2
990000 778.8
995000 796.5
1000000 799.3
1005000 768.5
1010000 761.2
1015000 728.3
1020000 660.6
1025000 648.8
1030000 661.4
1035000 728.5
1040000 693.9
1045000 774.5
1050000 607.7
1055000 744.9
1060000 753.2
1065000 705.1
1070000 711.4
1075000 570.1
1080000 692.4
1085000 803.6
1090000 726.8
1095000 745.8
1100000 727.3
1105000 768.9
1110000 743.5
1115000 787.5
1120000 794.2
1125000 727.3
1130000 696.6
1135000 593.2
1140000 627.0
1145000 804.8
1150000 804.1
1155000 712.7
1160000 782.3
1165000 793.3
1170000 824.6
1175000 830.7
1180000 826.6
1185000 835.8
1190000 813.7
1195000 830.7
1200000 736.5
1205000 769.3
1210000 842.5
1215000 814.1
1220000 823.7
1225000 839.1
1230000 842.3
1235000 797.4
1240000 814.7
1245000 795.8
1250000 856.8
1255000 760.3
1260000 858.3
1265000 832.1
1270000 850.8
1275000 795.0
1280000 849.0
1285000 827.5
1290000 845.0
1295000 858.8
1300000 786.4
1305000 839.6
1310000 856.1
1315000 846.8
1320000 862.7
1325000 845.3
1330000 866.8
1335000 848.8
1340000 848.5
1345000 842.5
1350000 878.3
1355000 852.9
1360000 783.7
1365000 776.8
1370000 868.7
1375000 800.8
1380000 853.8
1385000 860.5
1390000 862.5
1395000 848.0
1400000 797.4
1405000 857.5
1410000 882.1
1415000 838.0
1420000 881.2
1425000 866.3
1430000 716.9
1435000 861.9
1440000 866.7
1445000 812.4
1450000 885.3
1455000 873.6
1460000 879.4
1465000 862.0
1470000 887.1
1475000 873.3
1480000 888.8
1485000 873.8
1490000 883.9
1495000 879.5
1500000 846.8
1505000 864.6
1510000 875.5
1515000 870.8
1520000 879.7
1525000 886.3
1530000 656.9
1535000 896.9
1540000 896.0
1545000 894.3
1550000 891.4
1555000 871.2
1560000 896.3
1565000 875.1
1570000 883.0
1575000 883.0
1580000 887.4
1585000 856.3
1590000 873.8
1595000 890.8
1600000 888.3
1605000 893.5
1610000 887.1
1615000 881.7
1620000 891.4
1625000 881.9
1630000 860.6
1635000 893.2
1640000 866.2
1645000 887.5
1650000 888.0
1655000 898.5
1660000 886.8
1665000 895.2
1670000 821.9
1675000 891.9
1680000 871.7
1685000 894.5
1690000 892.5
1695000 896.3
1700000 885.1
1705000 893.0
1710000 895.5
1715000 885.5
1720000 889.5
1725000 889.3
1730000 892.7
1735000 883.8
1740000 891.4
1745000 899.9
1750000 891.7
1755000 858.6
1760000 893.3
1765000 886.8
1770000 895.2
1775000 896.5
1780000 888.3
1785000 882.4
1790000 882.0
1795000 893.2
1800000 899.6
1805000 888.3
1810000 893.0
1815000 889.6
1820000 895.6
1825000 820.8
1830000 881.4
1835000 896.4
1840000 894.0
1845000 898.8
1850000 887.4
1855000 899.6
1860000 895.1
1865000 898.2
1870000 890.9
1875000 894.8
1880000 901.0
1885000 897.7
1890000 894.6
1895000 896.3
1900000 890.3
1905000 887.0
1910000 903.1
1915000 884.7
1920000 899.5
1925000 896.0
1930000 902.6
1935000 899.9
1940000 901.3
1945000 894.6
1950000 887.6
1955000 901.7
1960000 903.6
1965000 893.5
1970000 902.2
1975000 894.7
1980000 832.3
1985000 876.2
1990000 901.0
1995000 902.6
2000000 902.3
