5000 13.9
10000 0.5
15000 0.2
20000 4.8
25000 97.4
30000 19.4
35000 24.4
40000 86.6
45000 58.8
50000 114.9
55000 80.1
60000 133.2
65000 161.1
70000 106.1
75000 119.2
80000 286.6
85000 304.6
90000 336.6
95000 375.2
100000 398.6
105000 393.9
110000 398.0
115000 431.2
120000 448.4
125000 506.3
130000 514.6
135000 535.7
140000 609.0
145000 587.1
150000 550.3
155000 470.7
160000 592.7
165000 614.2
170000 598.3
175000 638.2
180000 667.2
185000 655.7
190000 639.2
195000 671.0
200000 656.2
205000 718.0
210000 626.2
215000 667.4
220000 708.5
225000 718.7
230000 719.5
235000 745.6
240000 705.0
245000 723.4
250000 734.3
255000 769.6
260000 764.0
265000 736.1
270000 763.7
275000 792.3
280000 784.6
285000 780.7
290000 776.8
295000 802.5
300000 777.8
305000 782.1
310000 779.5
315000 808.6
320000 789.7
325000 799.0
330000 776.7
335000 791.4
340000 770.4
345000 750.3
350000 762.9
355000 803.4
360000 777.7
365000 807.6
370000 787.9
375000 806.6
380000 772.1
385000 809.6
390000 841.6
395000 849.7
400000 834.6
405000 833.0
410000 810.4
415000 847.6
420000 852.4
425000 822.0
430000 818.4
435000 817.2
440000 817.1
445000 814.3
450000 845.2
455000 839.8
460000 839.8
465000 822.8
470000 843.9
475000 832.7
480000 850.3
485000 863.3
490000 835.1
495000 850.5
500000 839.0
505000 811.0
510000 860.0
515000 853.6
520000 830.9
525000 849.9
530000 837.4
535000 856.7
540000 866.9
545000 861.2
550000 844.5
555000 858.7
560000 858.9
565000 875.3
570000 868.4
575000 846.9
580000 871.6
585000 854.3
590000 865.5
595000 871.3
600000 877.1
605000 865.5
610000 876.7
615000 867.9
620000 867.2
625000 868.6
630000 864.6
635000 875.6
640000 875.5
645000 883.6
650000 869.7
655000 877.0
660000 874.6
665000 857.6
670000 878.4
675000 884.8
680000 876.5
685000 877.8
690000 877.6
695000 881.2
700000 883.9
705000 882.9
710000 869.3
715000 886.0
720000 874.6
725000 868.7
730000 872.7
735000 865.4
740000 876.2
745000 880.7
750000 873.3
755000 883.8
760000 880.9
765000 882.1
770000 885.1
775000 885.7
780000 880.3
785000 887.1
790000 886.7
795000 873.3
800000 880.1
805000 881.0
810000 888.8
815000 885.8
820000 878.6
825000 875.3
830000 883.4
835000 893.8
840000 874.0
845000 887.1
850000 886.5
855000 877.5
860000 886.6
865000 886.6
870000 887.2
875000 885.2
880000 883.6
885000 876.3
890000 885.4
895000 887.5
900000 885.5
905000 891.8
910000 871.9
915000 884.0
920000 888.9
925000 886.3
930000 894.2
935000 894.0
940000 893.8
945000 895.4
950000 886.1
955000 887.3
960000 888.6
965000 884.9
970000 872.6
975000 886.9
980000 879.9
985000 887.6
990000 893.9
995000 888.7
1000000 889.2
1005000 845.2
1010000 858.9
1015000 508.9
1020000 768.2
1025000 789.9
1030000 869.2
1035000 864.2
1040000 799.2
1045000 874.1
1050000 881.0
1055000 885.4
1060000 883.8
1065000 883.8
1070000 867.1
1075000 854.8
1080000 801.6
1085000 856.2
1090000 890.3
1095000 883.4
1100000 888.7
1105000 896.4
1110000 883.9
1115000 887.2
1120000 888.4
1125000 814.8
1130000 854.6
1135000 884.4
1140000 886.5
1145000 891.9
1150000 890.9
1155000 895.5
1160000 873.9
1165000 892.7
1170000 820.0
1175000 887.2
1180000 807.3
1185000 889.7
1190000 896.2
1195000 809.5
1200000 886.7
1205000 742.4
1210000 892.5
1215000 852.7
1220000 871.0
1225000 772.0
1230000 883.6
1235000 886.7
1240000 889.0
1245000 898.6
1250000 896.7
1255000 896.5
1260000 891.5
1265000 897.7
1270000 898.4
1275000 895.7
1280000 903.5
1285000 898.2
1290000 900.3
1295000 892.5
1300000 900.3
1305000 901.1
1310000 901.4
1315000 897.4
1320000 901.5
1325000 901.6
1330000 893.6
1335000 900.2
1340000 883.9
1345000 895.6
1350000 896.9
1355000 899.0
1360000 887.5
1365000 896.4
1370000 882.0
1375000 899.5
1380000 896.1
1385000 902.0
1390000 902.9
1395000 781.6
1400000 883.2
1405000 896.6
1410000 905.7
1415000 883.9
1420000 881.9
1425000 900.9
1430000 895.5
1435000 903.1
1440000 895.6
1445000 904.9
1450000 902.5
1455000 903.4
1460000 898.1
1465000 900.6
1470000 894.9
1475000 883.1
1480000 900.5
1485000 901.4
1490000 868.1
1495000 900.6
1500000 904.0
1505000 901.8
1510000 860.2
1515000 899.3
1520000 903.9
1525000 904.6
1530000 907.1
1535000 853.6
1540000 900.7
1545000 897.9
1550000 902.7
1555000 903.2
1560000 905.5
1565000 904.7
1570000 903.0
1575000 897.0
1580000 899.8
1585000 901.9
1590000 907.8
1595000 899.2
1600000 902.0
1605000 903.5
1610000 903.4
1615000 907.1
1620000 904.4
1625000 909.4
1630000 903.1
1635000 896.2
1640000 901.9
1645000 904.1
1650000 905.4
1655000 907.3
1660000 906.8
1665000 901.9
1670000 906.4
1675000 903.6
1680000 900.9
1685000 901.2
1690000 890.3
1695000 905.9
1700000 904.7
1705000 829.3
1710000 905.1
1715000 908.3
1720000 781.2
1725000 908.9
1730000 905.8
1735000 905.1
1740000 907.9
1745000 906.1
1750000 906.7
1755000 910.0
1760000 893.4
1765000 906.8
1770000 908.0
1775000 907.0
1780000 908.8
1785000 895.3
1790000 910.3
1795000 907.2
1800000 903.5
1805000 908.5
1810000 901.1
1815000 899.9
1820000 906.2
1825000 723.1
1830000 902.2
1835000 902.1
1840000 909.9
1845000 902.2
1850000 908.7
1855000 908.8
1860000 907.3
1865000 905.4
1870000 834.1
1875000 906.9
1880000 901.4
1885000 907.6
1890000 908.2
1895000 908.1
1900000 906.8
1905000 907.9
1910000 901.4
1915000 895.5
1920000 892.6
1925000 774.3
1930000 907.2
1935000 909.4
1940000 910.3
1945000 907.3
1950000 905.2
1955000 909.5
1960000 904.7
1965000 909.3
1970000 903.6
1975000 902.2
1980000 907.3
1985000 905.5
1990000 907.2
1995000 907.6
2000000 897.3
