5000 152.0
10000 58.4
15000 117.7
20000 22.9
25000 80.5
30000 40.7
35000 90.8
40000 65.9
45000 70.2
50000 78.4
55000 16.9
60000 75.8
65000 32.0
70000 67.4
75000 113.4
80000 17.5
85000 98.9
90000 39.3
95000 16.7
100000 99.3
105000 33.0
110000 134.1
115000 111.7
120000 69.4
125000 103.5
130000 118.6
135000 121.8
140000 63.0
145000 26.0
150000 57.0
155000 27.1
160000 53.0
165000 153.7
170000 110.0
175000 51.7
180000 31.4
185000 35.6
190000 159.2
195000 72.5
200000 81.0
205000 76.0
210000 47.2
215000 80.9
220000 52.4
225000 187.3
230000 316.0
235000 89.4
240000 194.9
245000 295.2
250000 163.4
255000 67.5
260000 51.5
265000 90.2
270000 90.2
275000 212.9
280000 309.7
285000 259.2
290000 222.1
295000 268.5
300000 404.3
305000 276.0
310000 253.6
315000 282.0
320000 361.4
325000 436.2
330000 466.4
335000 477.7
340000 466.7
345000 475.0
350000 459.8
355000 377.0
360000 471.4
365000 481.1
370000 437.7
375000 452.3
380000 469.6
385000 374.1
390000 431.1
395000 467.7
400000 466.7
405000 463.0
410000 480.1
415000 471.2
420000 471.3
425000 463.2
430000 477.0
435000 489.6
440000 461.9
445000 475.2
450000 467.2
455000 479.7
460000 471.1
465000 479.7
470000 447.9
475000 464.6
480000 471.0
485000 466.3
490000 478.2
495000 470.8
500000 473.5
505000 479.4
510000 387.6
515000 474.7
520000 416.4
525000 472.9
530000 478.3
535000 476.7
540000 461.4
545000 447.1
550000 469.7
555000 472.3
560000 478.5
565000 476.5
570000 474.7
575000 469.7
580000 477.0
585000 489.5
590000 482.7
595000 469.0
600000 480.9
605000 443.1
610000 419.0
615000 421.7
620000 431.3
625000 479.8
630000 479.5
635000 459.0
640000 452.1
645000 465.4
650000 473.2
655000 474.3
660000 478.7
665000 472.3
670000 461.6
675000 477.8
680000 476.1
685000 480.9
690000 490.8
695000 462.8
700000 473.3
705000 464.6
710000 463.5
715000 478.9
720000 478.2
725000 490.2
730000 475.4
735000 482.9
740000 473.6
745000 485.2
750000 471.6
755000 471.6
760000 443.2
765000 473.6
770000 471.6
775000 473.7
780000 471.1
785000 479.2
790000 477.0
795000 482.3
800000 468.8
805000 468.4
810000 475.0
815000 465.2
820000 460.4
825000 483.9
830000 473.2
835000 483.3
840000 482.7
845000 472.0
850000 484.4
855000 480.8
860000 477.1
865000 474.4
870000 478.4
875000 476.8
880000 468.6
885000 474.2
890000 483.7
895000 483.2
900000 485.5
905000 471.0
910000 481.3
915000 465.2
920000 479.4
925000 482.1
930000 468.6
935000 472.3
940000 465.5
945000 468.8
950000 481.6
955000 481.3
960000 482.5
965000 474.8
970000 483.5
975000 479.9
980000 416.9
985000 479.7
990000 478.2
995000 476.4
1000000 484.5
1005000 458.3
1010000 471.5
1015000 403.6
1020000 423.2
1025000 473.6
1030000 484.3
1035000 472.8
1040000 464.6
1045000 466.6
1050000 494.9
1055000 494.4
1060000 480.5
1065000 464.5
1070000 473.1
1075000 472.7
1080000 478.6
1085000 478.2
1090000 477.8
1095000 476.5
1100000 476.8
1105000 474.9
1110000 488.9
1115000 476.3
1120000 482.7
1125000 477.8
1130000 478.9
1135000 471.4
1140000 484.3
1145000 479.9
1150000 477.3
1155000 485.3
1160000 481.3
1165000 481.0
1170000 486.5
1175000 485.8
1180000 476.6
1185000 472.1
1190000 481.2
1195000 476.3
1200000 481.1
1205000 486.1
1210000 485.5
1215000 479.4
1220000 473.1
1225000 480.8
1230000 474.6
1235000 462.6
1240000 447.2
1245000 476.1
1250000 489.1
1255000 481.3
1260000 488.9
1265000 483.7
1270000 478.9
1275000 477.9
1280000 475.8
1285000 474.8
1290000 472.6
1295000 484.9
1300000 484.6
1305000 484.6
1310000 475.4
1315000 479.9
1320000 486.0
1325000 483.1
1330000 488.9
1335000 478.6
1340000 485.1
1345000 487.7
1350000 483.4
1355000 482.1
1360000 483.6
1365000 480.4
1370000 488.3
1375000 480.9
1380000 478.0
1385000 479.8
1390000 475.8
1395000 477.0
1400000 481.7
1405000 483.5
1410000 486.4
1415000 491.5
1420000 479.6
1425000 481.8
1430000 481.7
1435000 485.3
1440000 474.8
1445000 487.2
1450000 484.1
1455000 475.7
1460000 474.3
1465000 483.7
1470000 487.1
1475000 483.3
1480000 482.2
1485000 476.7
1490000 481.6
1495000 492.6
1500000 471.9
1505000 482.2
1510000 471.5
1515000 477.6
1520000 477.6
1525000 475.8
1530000 482.5
1535000 484.2
1540000 481.5
1545000 480.6
1550000 479.8
1555000 488.9
1560000 488.1
1565000 482.7
1570000 485.4
1575000 472.5
1580000 471.5
1585000 482.7
1590000 484.5
1595000 464.6
1600000 474.4
1605000 478.5
1610000 490.1
1615000 465.0
1620000 484.6
1625000 477.6
1630000 482.1
1635000 482.1
1640000 473.9
1645000 479.6
1650000 482.8
1655000 472.3
1660000 488.2
1665000 488.2
1670000 454.7
1675000 488.2
1680000 482.0
1685000 480.7
1690000 476.5
1695000 487.5
1700000 475.0
1705000 474.5
1710000 478.0
1715000 486.1
1720000 480.4
1725000 481.1
1730000 484.6
1735000 490.7
1740000 480.2
1745000 487.0
1750000 479.2
1755000 480.5
1760000 478.9
1765000 486.3
1770000 489.5
1775000 481.1
1780000 482.7
1785000 480.0
1790000 486.1
1795000 483.0
1800000 483.1
1805000 483.6
1810000 479.2
1815000 485.9
1820000 485.7
1825000 480.9
1830000 482.1
1835000 480.7
1840000 473.8
1845000 482.9
1850000 479.0
1855000 487.1
1860000 478.2
1865000 439.2
1870000 482.2
1875000 486.2
1880000 485.3
1885000 485.7
1890000 480.1
1895000 487.9
1900000 485.2
1905000 485.1
1910000 485.9
1915000 486.7
1920000 486.7
1925000 488.6
1930000 481.5
1935000 485.6
1940000 486.7
1945000 480.8
1950000 487.9
1955000 481.0
1960000 486.6
1965000 484.3
1970000 488.6
1975000 482.0
1980000 474.9
1985000 471.6
1990000 478.7
1995000 484.9
2000000 474.7
