5000 186.2
10000 191.3
15000 117.1
20000 143.2
25000 105.6
30000 120.4
35000 100.9
40000 38.8
45000 81.9
50000 50.5
55000 81.7
60000 18.6
65000 28.4
70000 124.9
75000 33.9
80000 124.0
85000 78.9
90000 87.0
95000 42.2
100000 13.6
105000 101.2
110000 109.7
115000 154.8
120000 190.0
125000 89.4
130000 128.1
135000 155.5
140000 29.9
145000 65.7
150000 66.6
155000 91.2
160000 45.3
165000 165.8
170000 128.5
175000 109.6
180000 128.5
185000 53.7
190000 75.1
195000 110.5
200000 70.1
205000 141.7
210000 160.6
215000 134.9
220000 102.9
225000 103.8
230000 368.8
235000 222.4
240000 389.0
245000 249.5
250000 365.6
255000 315.6
260000 425.4
265000 445.9
270000 434.8
275000 432.1
280000 461.2
285000 466.5
290000 436.6
295000 471.6
300000 448.5
305000 447.0
310000 438.6
315000 458.6
320000 472.3
325000 414.2
330000 455.3
335000 451.8
340000 474.9
345000 431.5
350000 435.4
355000 421.6
360000 473.4
365000 478.5
370000 469.1
375000 460.5
380000 456.9
385000 466.8
390000 483.0
395000 469.6
400000 463.0
405000 461.1
410000 468.8
415000 444.6
420000 472.7
425000 449.9
430000 468.9
435000 470.4
440000 473.4
445000 462.9
450000 455.7
455000 477.3
460000 449.8
465000 436.3
470000 447.7
475000 483.0
480000 469.7
485000 465.8
490000 454.0
495000 443.0
500000 459.4
505000 451.4
510000 457.4
515000 455.9
520000 470.5
525000 470.7
530000 458.1
535000 462.5
540000 422.5
545000 422.6
550000 473.2
555000 460.5
560000 467.9
565000 450.0
570000 469.3
575000 477.8
580000 466.0
585000 463.8
590000 483.0
595000 449.8
600000 464.3
605000 467.9
610000 472.0
615000 477.9
620000 471.1
625000 479.3
630000 425.4
635000 475.2
640000 477.7
645000 468.9
650000 483.7
655000 469.7
660000 478.3
665000 468.4
670000 476.2
675000 482.4
680000 482.0
685000 479.2
690000 475.3
695000 476.1
700000 476.5
705000 482.2
710000 476.8
715000 469.5
720000 469.6
725000 420.5
730000 475.6
735000 471.0
740000 466.4
745000 488.8
750000 474.6
755000 477.0
760000 475.1
765000 484.5
770000 473.8
775000 473.2
780000 385.4
785000 476.6
790000 468.9
795000 457.7
800000 487.1
805000 423.3
810000 470.2
815000 474.2
820000 483.5
825000 454.1
830000 480.0
835000 475.4
840000 465.0
845000 471.9
850000 470.7
855000 472.1
860000 457.9
865000 474.1
870000 488.6
875000 475.2
880000 472.8
885000 433.0
890000 469.6
895000 472.6
900000 467.7
905000 475.3
910000 472.1
915000 470.8
920000 480.7
925000 478.9
930000 478.9
935000 480.8
940000 471.6
945000 469.5
950000 475.1
955000 481.7
960000 486.1
965000 478.3
970000 485.7
975000 475.6
980000 482.6
985000 481.0
990000 483.5
995000 477.3
1000000 475.9
1005000 473.8
1010000 461.4
1015000 396.3
1020000 441.6
1025000 396.5
1030000 475.6
1035000 474.8
1040000 442.9
1045000 484.7
1050000 479.6
1055000 480.1
1060000 460.4
1065000 472.5
1070000 471.6
1075000 483.0
1080000 486.6
1085000 463.3
1090000 480.3
1095000 481.5
1100000 468.0
1105000 481.4
1110000 480.4
1115000 482.8
1120000 479.4
1125000 484.2
1130000 478.3
1135000 491.2
1140000 477.9
1145000 481.6
1150000 478.6
1155000 486.1
1160000 487.1
1165000 481.8
1170000 486.1
1175000 483.4
1180000 485.5
1185000 489.5
1190000 478.2
1195000 482.9
1200000 477.6
1205000 478.3
1210000 481.7
1215000 488.1
1220000 479.7
1225000 483.6
1230000 487.0
1235000 488.6
1240000 485.4
1245000 484.8
1250000 484.4
1255000 482.9
1260000 476.3
1265000 479.0
1270000 474.8
1275000 483.1
1280000 484.2
1285000 487.6
1290000 478.8
1295000 474.6
1300000 486.8
1305000 485.3
1310000 475.3
1315000 479.5
1320000 484.1
1325000 475.2
1330000 483.2
1335000 483.7
1340000 489.9
1345000 482.1
1350000 481.1
1355000 486.9
1360000 481.7
1365000 488.9
1370000 486.8
1375000 485.5
1380000 481.2
1385000 485.8
1390000 473.4
1395000 488.8
1400000 484.5
1405000 491.5
1410000 484.1
1415000 481.6
1420000 481.2
1425000 474.5
1430000 482.5
1435000 489.2
1440000 489.1
1445000 482.5
1450000 487.4
1455000 490.3
1460000 486.4
1465000 487.8
1470000 483.5
1475000 488.3
1480000 487.8
1485000 484.0
1490000 486.6
1495000 482.8
1500000 483.8
1505000 485.2
1510000 482.6
1515000 484.3
1520000 487.0
1525000 482.3
1530000 480.3
1535000 482.1
1540000 479.6
1545000 487.2
1550000 485.6
1555000 485.7
1560000 482.5
1565000 490.6
1570000 483.3
1575000 478.1
1580000 484.6
1585000 483.3
1590000 492.0
1595000 490.4
1600000 484.0
1605000 488.3
1610000 485.1
1615000 484.0
1620000 481.0
1625000 482.5
1630000 486.7
1635000 485.6
1640000 487.0
1645000 485.5
1650000 487.3
1655000 487.2
1660000 487.0
1665000 484.5
1670000 489.2
1675000 486.4
1680000 484.4
1685000 490.8
1690000 482.6
1695000 484.5
1700000 487.4
1705000 484.6
1710000 487.6
1715000 487.1
1720000 487.8
1725000 485.0
1730000 490.3
1735000 487.5
1740000 489.2
1745000 486.4
1750000 486.4
1755000 484.7
1760000 491.2
1765000 488.0
1770000 481.9
1775000 485.1
1780000 490.3
1785000 487.1
1790000 487.3
1795000 484.3
1800000 491.8
1805000 482.4
1810000 484.9
1815000 482.8
1820000 488.9
1825000 480.5
1830000 488.5
1835000 481.2
1840000 492.2
1845000 487.3
1850000 485.5
1855000 483.7
1860000 484.2
1865000 485.4
1870000 492.3
1875000 484.2
1880000 481.5
1885000 484.0
1890000 484.4
1895000 485.4
1900000 483.5
1905000 486.5
1910000 485.9
1915000 481.8
1920000 481.3
1925000 483.7
1930000 483.1
1935000 486.1
1940000 487.4
1945000 486.3
1950000 486.3
1955000 483.8
1960000 486.4
1965000 485.1
1970000 480.3
1975000 490.3
1980000 492.0
1985000 485.2
1990000 487.5
1995000 491.8
2000000 483.3
