5000 61.5
10000 152.0
15000 218.5
20000 204.9
25000 97.2
30000 21.3
35000 134.9
40000 108.3
45000 163.5
50000 115.3
55000 34.6
60000 148.2
65000 22.8
70000 14.5
75000 30.3
80000 40.6
85000 153.4
90000 51.5
95000 160.8
100000 171.7
105000 172.1
110000 66.2
115000 209.8
120000 15.6
125000 174.2
130000 71.2
135000 66.1
140000 193.5
145000 236.1
150000 81.1
155000 161.6
160000 103.2
165000 59.3
170000 152.4
175000 199.3
180000 139.2
185000 124.7
190000 100.7
195000 317.9
200000 442.6
205000 288.2
210000 277.6
215000 313.9
220000 434.6
225000 326.8
230000 288.5
235000 366.1
240000 410.9
245000 469.8
250000 470.8
255000 465.2
260000 467.0
265000 472.6
270000 469.6
275000 472.1
280000 381.3
285000 219.5
290000 419.3
295000 484.0
300000 466.5
305000 473.9
310000 427.0
315000 480.9
320000 482.6
325000 478.5
330000 474.7
335000 447.5
340000 480.2
345000 479.1
350000 470.5
355000 475.1
360000 473.6
365000 452.2
370000 466.7
375000 450.7
380000 486.4
385000 459.7
390000 467.5
395000 453.4
400000 446.6
405000 475.9
410000 488.2
415000 469.8
420000 481.4
425000 483.9
430000 483.1
435000 480.0
440000 474.2
445000 486.0
450000 483.5
455000 481.0
460000 480.2
465000 475.4
470000 485.9
475000 485.9
480000 484.9
485000 484.9
490000 481.9
495000 481.3
500000 478.8
505000 480.0
510000 478.9
515000 478.8
520000 472.8
525000 472.1
530000 485.7
535000 485.9
540000 478.3
545000 477.8
550000 483.1
555000 472.5
560000 466.0
565000 483.5
570000 483.6
575000 467.6
580000 481.0
585000 483.8
590000 480.2
595000 472.8
600000 472.8
605000 481.4
610000 479.1
615000 481.9
620000 482.8
625000 473.0
630000 481.3
635000 483.0
640000 474.2
645000 423.5
650000 474.9
655000 485.9
660000 486.6
665000 475.9
670000 466.1
675000 478.1
680000 483.7
685000 484.8
690000 477.7
695000 467.4
700000 480.8
705000 483.8
710000 483.7
715000 466.5
720000 480.6
725000 476.1
730000 477.9
735000 492.1
740000 481.4
745000 472.2
750000 482.4
755000 494.1
760000 485.4
765000 488.6
770000 470.2
775000 429.2
780000 474.7
785000 476.5
790000 474.3
795000 483.2
800000 476.6
805000 467.8
810000 473.9
815000 478.8
820000 477.7
825000 476.8
830000 487.0
835000 473.2
840000 477.8
845000 482.3
850000 470.8
855000 475.0
860000 484.0
865000 478.4
870000 470.7
875000 464.4
880000 479.7
885000 484.0
890000 482.8
895000 477.0
900000 482.9
905000 473.2
910000 480.1
915000 443.9
920000 485.4
925000 484.1
930000 484.2
935000 477.0
940000 479.6
945000 484.1
950000 482.7
955000 480.7
960000 478.3
965000 484.1
970000 484.3
975000 483.7
980000 483.1
985000 485.9
990000 478.1
995000 490.9
1000000 484.4
1005000 477.9
1010000 480.6
1015000 475.0
1020000 482.9
1025000 479.8
1030000 486.2
1035000 453.4
1040000 485.7
1045000 477.0
1050000 462.1
1055000 426.7
1060000 253.9
1065000 80.3
1070000 176.7
1075000 284.8
1080000 415.2
1085000 475.8
1090000 479.5
1095000 485.9
1100000 482.2
1105000 453.6
1110000 474.1
1115000 451.1
1120000 445.9
1125000 486.0
1130000 462.6
1135000 484.4
1140000 478.0
1145000 485.6
1150000 478.3
1155000 485.9
1160000 478.4
1165000 484.3
1170000 485.1
1175000 461.6
1180000 466.9
1185000 489.7
1190000 473.4
1195000 484.2
1200000 478.7
1205000 484.2
1210000 479.8
1215000 484.9
1220000 480.7
1225000 478.2
1230000 482.4
1235000 480.7
1240000 478.5
1245000 481.7
1250000 484.3
1255000 474.3
1260000 474.7
1265000 484.4
1270000 474.1
1275000 43.4
1280000 206.5
1285000 427.7
1290000 485.6
1295000 483.6
1300000 367.5
1305000 484.4
1310000 478.3
1315000 483.6
1320000 484.7
1325000 481.9
1330000 480.5
1335000 489.4
1340000 480.5
1345000 488.1
1350000 478.5
1355000 483.2
1360000 485.7
1365000 475.5
1370000 480.2
1375000 480.1
1380000 486.3
1385000 485.2
1390000 483.7
1395000 480.2
1400000 486.7
1405000 484.4
1410000 481.0
1415000 481.8
1420000 482.7
1425000 477.9
1430000 485.2
1435000 462.9
1440000 443.4
1445000 466.6
1450000 482.0
1455000 476.7
1460000 487.6
1465000 474.8
1470000 486.8
1475000 476.2
1480000 483.3
1485000 479.7
1490000 483.4
1495000 472.9
1500000 487.6
1505000 489.8
1510000 487.1
1515000 481.7
1520000 475.7
1525000 487.6
1530000 481.8
1535000 482.4
1540000 490.1
1545000 490.4
1550000 482.2
1555000 488.1
1560000 481.5
1565000 475.8
1570000 486.8
1575000 482.8
1580000 488.7
1585000 483.2
1590000 465.8
1595000 488.4
1600000 484.2
1605000 480.7
1610000 476.3
1615000 483.3
1620000 485.5
1625000 488.6
1630000 491.2
1635000 482.8
1640000 487.7
1645000 478.7
1650000 482.4
1655000 484.8
1660000 483.5
1665000 461.9
1670000 483.7
1675000 490.7
1680000 487.3
1685000 484.2
1690000 485.9
1695000 482.0
1700000 484.1
1705000 487.2
1710000 483.7
1715000 488.4
1720000 476.8
1725000 484.1
1730000 491.4
1735000 485.9
1740000 478.1
1745000 484.2
1750000 481.1
1755000 486.1
1760000 470.4
1765000 482.2
1770000 487.1
1775000 485.9
1780000 483.7
1785000 486.3
1790000 485.1
1795000 488.8
1800000 489.1
1805000 491.1
1810000 481.7
1815000 458.2
1820000 474.9
1825000 472.6
1830000 485.9
1835000 475.0
1840000 483.5
1845000 485.8
1850000 482.9
1855000 484.8
1860000 465.5
1865000 484.1
1870000 483.4
1875000 486.0
1880000 486.2
1885000 485.3
1890000 489.3
1895000 484.8
1900000 490.0
1905000 480.7
1910000 476.9
1915000 482.1
1920000 482.0
1925000 486.9
1930000 483.8
1935000 490.5
1940000 476.5
1945000 485.2
1950000 485.5
1955000 483.9
1960000 488.3
1965000 487.3
1970000 481.4
1975000 484.6
1980000 485.7
1985000 482.1
1990000 489.4
1995000 481.2
2000000 482.5
