5000 121.8
10000 52.4
15000 147.5
20000 166.7
25000 265.5
30000 239.7
35000 118.7
40000 148.6
45000 215.4
50000 267.0
55000 51.9
60000 78.2
65000 48.5
70000 38.6
75000 44.4
80000 8.9
85000 16.3
90000 66.6
95000 238.7
100000 11.7
105000 187.5
110000 35.3
115000 32.0
120000 136.1
125000 288.1
130000 209.8
135000 122.0
140000 45.4
145000 41.3
150000 190.5
155000 77.9
160000 227.3
165000 111.8
170000 99.6
175000 62.1
180000 333.6
185000 388.1
190000 466.8
195000 483.4
200000 467.6
205000 326.5
210000 480.4
215000 459.1
220000 467.0
225000 475.5
230000 479.6
235000 470.4
240000 477.0
245000 480.8
250000 467.3
255000 464.4
260000 463.1
265000 472.2
270000 472.1
275000 343.1
280000 480.2
285000 467.9
290000 479.4
295000 481.4
300000 475.3
305000 471.8
310000 469.7
315000 471.7
320000 479.1
325000 459.6
330000 475.2
335000 450.0
340000 470.4
345000 477.7
350000 496.1
355000 482.3
360000 469.2
365000 481.2
370000 476.9
375000 473.9
380000 482.5
385000 486.3
390000 478.5
395000 481.5
400000 474.4
405000 453.6
410000 468.1
415000 482.1
420000 481.9
425000 462.2
430000 482.2
435000 477.7
440000 487.1
445000 474.0
450000 485.7
455000 489.3
460000 488.4
465000 492.1
470000 478.3
475000 478.2
480000 481.4
485000 448.4
490000 467.2
495000 465.8
500000 481.2
505000 488.9
510000 479.6
515000 487.3
520000 488.8
525000 487.6
530000 485.3
535000 492.1
540000 490.1
545000 480.6
550000 485.1
555000 443.8
560000 488.4
565000 483.2
570000 495.1
575000 485.0
580000 485.5
585000 484.1
590000 485.8
595000 487.0
600000 485.4
605000 487.5
610000 487.0
615000 489.1
620000 483.8
625000 494.4
630000 480.6
635000 487.7
640000 488.4
645000 482.8
650000 483.6
655000 494.9
660000 483.6
665000 480.7
670000 489.5
675000 477.0
680000 478.6
685000 484.6
690000 484.2
695000 482.0
700000 487.1
705000 486.3
710000 479.0
715000 487.2
720000 493.9
725000 484.7
730000 482.7
735000 486.4
740000 484.6
745000 487.4
750000 487.2
755000 485.9
760000 484.3
765000 485.9
770000 487.9
775000 479.5
780000 487.4
785000 492.4
790000 486.8
795000 485.1
800000 473.1
805000 474.7
810000 485.2
815000 485.3
820000 488.6
825000 486.1
830000 488.3
835000 480.8
840000 484.6
845000 477.7
850000 485.9
855000 489.2
860000 491.2
865000 485.2
870000 456.3
875000 491.0
880000 489.6
885000 486.6
890000 479.9
895000 479.6
900000 487.4
905000 489.9
910000 486.4
915000 490.8
920000 486.0
925000 487.4
930000 480.3
935000 483.1
940000 486.6
945000 494.0
950000 492.2
955000 484.7
960000 481.8
965000 488.9
970000 489.7
975000 480.3
980000 484.0
985000 488.8
990000 488.5
995000 489.6
1000000 491.7
1005000 461.1
1010000 480.7
1015000 478.4
1020000 482.3
1025000 487.4
1030000 400.5
1035000 477.6
1040000 487.3
1045000 488.6
1050000 485.7
1055000 492.8
1060000 483.4
1065000 488.5
1070000 482.7
1075000 468.1
1080000 485.7
1085000 486.1
1090000 484.9
1095000 458.7
1100000 490.7
1105000 491.7
1110000 487.3
1115000 485.5
1120000 488.6
1125000 490.7
1130000 486.9
1135000 486.0
1140000 485.3
1145000 484.4
1150000 485.9
1155000 489.4
1160000 489.2
1165000 490.2
1170000 486.2
1175000 488.1
1180000 485.8
1185000 479.4
1190000 489.0
1195000 483.9
1200000 489.3
1205000 487.1
1210000 490.7
1215000 488.0
1220000 485.7
1225000 486.4
1230000 489.4
1235000 488.1
1240000 491.0
1245000 486.8
1250000 485.2
1255000 491.4
1260000 484.5
1265000 486.0
1270000 461.7
1275000 483.8
1280000 488.8
1285000 484.4
1290000 484.7
1295000 483.4
1300000 485.4
1305000 490.5
1310000 490.6
1315000 490.3
1320000 485.1
1325000 488.2
1330000 488.1
1335000 484.9
1340000 490.1
1345000 485.1
1350000 490.3
1355000 487.2
1360000 487.6
1365000 491.6
1370000 490.5
1375000 486.7
1380000 488.1
1385000 493.0
1390000 486.8
1395000 478.3
1400000 481.4
1405000 484.2
1410000 484.3
1415000 489.0
1420000 485.1
1425000 487.6
1430000 486.9
1435000 484.6
1440000 480.6
1445000 486.4
1450000 488.8
1455000 490.4
1460000 482.9
1465000 482.4
1470000 490.7
1475000 494.6
1480000 484.3
1485000 487.2
1490000 491.8
1495000 482.8
1500000 486.2
1505000 484.7
1510000 489.5
1515000 489.9
1520000 489.8
1525000 483.3
1530000 490.2
1535000 485.2
1540000 493.1
1545000 487.6
1550000 485.3
1555000 490.7
1560000 485.6
1565000 482.8
1570000 489.0
1575000 483.5
1580000 491.3
1585000 485.8
1590000 489.1
1595000 487.7
1600000 493.2
1605000 488.2
1610000 489.2
1615000 488.0
1620000 482.0
1625000 486.0
1630000 491.1
1635000 490.3
1640000 486.5
1645000 487.9
1650000 467.3
1655000 489.3
1660000 490.7
1665000 487.2
1670000 489.4
1675000 484.5
1680000 487.8
1685000 493.7
1690000 489.6
1695000 492.9
1700000 490.8
1705000 487.3
1710000 459.8
1715000 487.0
1720000 488.3
1725000 486.3
1730000 488.7
1735000 485.2
1740000 485.6
1745000 489.1
1750000 489.3
1755000 483.8
1760000 484.7
1765000 485.4
1770000 488.2
1775000 491.9
1780000 485.4
1785000 482.6
1790000 486.6
1795000 487.1
1800000 489.8
1805000 487.4
1810000 488.3
1815000 480.3
1820000 491.5
1825000 488.7
1830000 483.2
1835000 487.2
1840000 490.1
1845000 488.8
1850000 486.7
1855000 490.5
1860000 485.3
1865000 485.0
1870000 492.9
1875000 490.4
1880000 488.7
1885000 485.9
1890000 491.5
1895000 487.4
1900000 493.8
1905000 491.0
1910000 484.3
1915000 493.2
1920000 489.4
1925000 490.4
1930000 490.8
1935000 489.8
1940000 494.5
1945000 487.4
1950000 489.4
1955000 486.5
1960000 490.3
1965000 488.9
1970000 490.9
1975000 489.8
1980000 488.6
1985000 491.1
1990000 491.1
1995000 491.2
2000000 485.1
