5000 53.3
10000 66.1
15000 98.8
20000 142.4
25000 32.7
30000 18.0
35000 21.7
40000 79.6
45000 31.7
50000 77.4
55000 76.1
60000 158.8
65000 93.5
70000 30.9
75000 38.6
80000 25.4
85000 66.7
90000 59.4
95000 37.7
100000 104.2
105000 77.5
110000 275.0
115000 195.2
120000 92.1
125000 133.4
130000 114.1
135000 87.3
140000 99.6
145000 158.5
150000 51.6
155000 136.7
160000 115.6
165000 137.7
170000 225.1
175000 158.9
180000 134.7
185000 220.5
190000 336.3
195000 334.3
200000 334.0
205000 326.1
210000 333.5
215000 417.6
220000 420.5
225000 464.9
230000 448.8
235000 350.2
240000 467.7
245000 458.5
250000 464.5
255000 459.7
260000 466.6
265000 464.9
270000 468.9
275000 466.8
280000 453.9
285000 408.1
290000 453.6
295000 437.8
300000 390.6
305000 471.3
310000 472.6
315000 463.8
320000 453.7
325000 445.3
330000 486.0
335000 471.6
340000 470.5
345000 432.6
350000 477.6
355000 454.9
360000 472.8
365000 472.0
370000 483.3
375000 475.0
380000 474.2
385000 461.4
390000 479.8
395000 474.1
400000 461.8
405000 475.1
410000 471.0
415000 472.3
420000 483.1
425000 483.6
430000 476.1
435000 483.1
440000 456.2
445000 487.6
450000 460.0
455000 471.2
460000 477.6
465000 477.6
470000 484.3
475000 485.0
480000 480.0
485000 456.2
490000 435.3
495000 477.1
500000 453.6
505000 436.4
510000 474.9
515000 475.8
520000 487.3
525000 474.4
530000 484.3
535000 469.7
540000 480.0
545000 478.5
550000 474.3
555000 459.0
560000 442.5
565000 472.8
570000 458.6
575000 451.5
580000 476.3
585000 459.3
590000 483.9
595000 467.2
600000 484.6
605000 476.4
610000 476.0
615000 479.3
620000 475.4
625000 473.4
630000 488.5
635000 482.0
640000 478.5
645000 484.7
650000 484.1
655000 485.0
660000 483.0
665000 477.3
670000 482.0
675000 475.3
680000 479.2
685000 483.7
690000 433.2
695000 474.4
700000 482.8
705000 491.9
710000 481.2
715000 461.8
720000 480.9
725000 479.0
730000 484.6
735000 477.7
740000 478.4
745000 470.7
750000 477.6
755000 458.8
760000 479.3
765000 478.9
770000 480.4
775000 487.4
780000 485.7
785000 479.2
790000 483.2
795000 463.2
800000 479.9
805000 480.0
810000 462.6
815000 482.2
820000 481.2
825000 475.2
830000 471.0
835000 451.1
840000 479.4
845000 477.8
850000 480.3
855000 480.8
860000 470.8
865000 478.3
870000 489.1
875000 480.3
880000 483.0
885000 484.7
890000 479.3
895000 474.6
900000 479.9
905000 500.0
910000 483.3
915000 488.5
920000 497.7
925000 506.4
930000 490.7
935000 476.5
940000 471.5
945000 509.2
950000 472.0
955000 490.9
960000 508.0
965000 485.3
970000 497.2
975000 516.8
980000 512.5
985000 478.5
990000 493.9
995000 488.5
1000000 477.1
1005000 358.9
1010000 484.2
1015000 462.6
1020000 428.7
1025000 477.0
1030000 482.0
1035000 450.3
1040000 541.9
1045000 511.1
1050000 501.5
1055000 535.4
1060000 553.1
1065000 551.9
1070000 543.9
1075000 556.2
1080000 571.9
1085000 591.0
1090000 597.0
1095000 625.0
1100000 630.5
1105000 622.8
1110000 634.8
1115000 655.0
1120000 640.1
1125000 645.9
1130000 651.1
1135000 660.4
1140000 665.2
1145000 682.3
1150000 682.1
1155000 675.6
1160000 689.1
1165000 679.9
1170000 661.6
1175000 677.7
1180000 684.8
1185000 688.4
1190000 689.3
1195000 689.6
1200000 711.1
1205000 695.7
1210000 666.1
1215000 697.8
1220000 718.1
1225000 689.3
1230000 718.2
1235000 706.4
1240000 705.6
1245000 688.3
1250000 698.7
1255000 700.6
1260000 736.3
1265000 711.5
1270000 717.3
1275000 745.3
1280000 730.0
1285000 728.1
1290000 728.1
1295000 719.5
1300000 735.5
1305000 722.4
1310000 723.4
1315000 738.4
1320000 743.2
1325000 749.3
1330000 764.7
1335000 737.6
1340000 744.6
1345000 755.5
1350000 751.7
1355000 687.0
1360000 747.6
1365000 766.1
1370000 742.9
1375000 763.4
1380000 761.5
1385000 772.8
1390000 777.8
1395000 761.9
1400000 780.4
1405000 746.5
1410000 777.4
1415000 788.5
1420000 786.3
1425000 780.8
1430000 784.3
1435000 773.8
1440000 784.3
1445000 794.2
1450000 789.2
1455000 804.1
1460000 790.8
1465000 794.2
1470000 791.9
1475000 780.3
1480000 793.6
1485000 794.6
1490000 807.9
1495000 787.9
1500000 795.5
1505000 811.5
1510000 798.3
1515000 816.5
1520000 798.6
1525000 799.7
1530000 781.4
1535000 796.3
1540000 808.6
1545000 807.7
1550000 803.2
1555000 823.5
1560000 793.7
1565000 827.9
1570000 807.7
1575000 813.3
1580000 798.9
1585000 802.7
1590000 809.7
1595000 809.4
1600000 806.4
1605000 815.2
1610000 806.8
1615000 812.4
1620000 819.4
1625000 812.4
1630000 805.0
1635000 809.2
1640000 817.5
1645000 807.9
1650000 801.1
1655000 824.8
1660000 813.8
1665000 839.5
1670000 834.4
1675000 813.4
1680000 829.4
1685000 836.6
1690000 834.5
1695000 826.1
1700000 824.1
1705000 800.7
1710000 821.9
1715000 758.2
1720000 811.2
1725000 688.4
1730000 817.0
1735000 822.0
1740000 831.4
1745000 812.9
1750000 808.4
1755000 823.1
1760000 827.8
1765000 818.5
1770000 807.3
1775000 826.3
1780000 834.7
1785000 838.5
1790000 824.2
1795000 825.6
1800000 811.4
1805000 798.7
1810000 850.8
1815000 806.0
1820000 799.3
1825000 819.8
1830000 818.4
1835000 815.4
1840000 822.2
1845000 823.5
1850000 830.6
1855000 808.5
1860000 836.4
1865000 837.4
1870000 813.5
1875000 827.7
1880000 826.3
1885000 822.5
1890000 803.0
1895000 806.9
1900000 833.9
1905000 828.6
1910000 822.4
1915000 841.6
1920000 845.7
1925000 848.7
1930000 832.8
1935000 832.4
1940000 835.6
1945000 816.7
1950000 850.9
1955000 831.8
1960000 846.4
1965000 833.5
1970000 840.2
1975000 817.6
1980000 821.1
1985000 842.9
1990000 822.0
1995000 837.7
2000000 850.9
