5000 180.1
10000 199.8
15000 78.6
20000 18.4
25000 49.9
30000 15.5
35000 40.3
40000 41.6
45000 57.1
50000 37.7
55000 39.2
60000 30.8
65000 36.4
70000 20.4
75000 204.0
80000 98.8
85000 44.1
90000 208.4
95000 18.9
100000 112.5
105000 86.5
110000 65.0
115000 189.2
120000 161.7
125000 127.0
130000 66.4
135000 28.6
140000 334.4
145000 145.0
150000 238.8
155000 14.2
160000 191.4
165000 215.3
170000 140.2
175000 172.0
180000 102.5
185000 222.0
190000 274.7
195000 90.8
200000 245.0
205000 278.8
210000 207.1
215000 342.5
220000 371.3
225000 434.2
230000 407.4
235000 355.2
240000 435.9
245000 444.9
250000 466.3
255000 478.9
260000 486.3
265000 467.4
270000 476.8
275000 491.6
280000 478.4
285000 474.6
290000 512.9
295000 482.4
300000 524.0
305000 532.1
310000 533.4
315000 529.7
320000 524.2
325000 541.4
330000 561.0
335000 562.7
340000 576.1
345000 589.6
350000 567.3
355000 573.8
360000 567.5
365000 579.8
370000 595.9
375000 589.5
380000 621.5
385000 591.7
390000 589.8
395000 581.1
400000 630.8
405000 643.5
410000 658.5
415000 648.3
420000 642.3
425000 632.0
430000 643.3
435000 642.3
440000 670.6
445000 637.6
450000 645.9
455000 666.2
460000 683.7
465000 673.7
470000 655.6
475000 648.4
480000 683.5
485000 661.2
490000 646.2
495000 645.8
500000 645.5
505000 653.1
510000 633.4
515000 680.1
520000 673.8
525000 647.7
530000 682.0
535000 692.6
540000 662.4
545000 682.6
550000 700.5
555000 661.3
560000 666.4
565000 657.3
570000 690.5
575000 674.8
580000 693.8
585000 688.2
590000 706.4
595000 700.3
600000 705.1
605000 699.4
610000 715.8
615000 724.5
620000 724.6
625000 690.1
630000 697.7
635000 743.3
640000 708.7
645000 724.8
650000 728.0
655000 731.3
660000 729.6
665000 725.1
670000 721.2
675000 735.7
680000 742.0
685000 708.7
690000 722.9
695000 738.9
700000 735.9
705000 728.5
710000 715.3
715000 713.7
720000 728.9
725000 738.9
730000 739.8
735000 729.6
740000 742.4
745000 737.1
750000 745.3
755000 743.3
760000 717.7
765000 728.3
770000 751.5
775000 733.3
780000 738.5
785000 744.4
790000 754.6
795000 745.0
800000 745.9
805000 741.1
810000 729.0
815000 746.3
820000 744.2
825000 738.1
830000 752.4
835000 747.6
840000 738.7
845000 758.2
850000 748.9
855000 742.6
860000 721.6
865000 759.0
870000 749.1
875000 756.1
880000 735.9
885000 733.6
890000 738.3
895000 758.5
900000 750.3
905000 757.6
910000 754.9
915000 738.3
920000 759.2
925000 756.2
930000 764.7
935000 765.7
940000 765.5
945000 747.9
950000 763.8
955000 763.9
960000 763.4
965000 771.8
970000 748.4
975000 756.9
980000 767.2
985000 760.8
990000 754.4
995000 765.2
1000000 750.6
1005000 746.2
1010000 755.7
1015000 760.0
1020000 735.2
1025000 760.1
1030000 728.5
1035000 742.9
1040000 770.6
1045000 761.6
1050000 762.0
1055000 771.0
1060000 761.6
1065000 765.5
1070000 782.6
1075000 762.1
1080000 751.7
1085000 762.6
1090000 743.1
1095000 773.0
1100000 762.0
1105000 763.3
1110000 757.0
1115000 747.2
1120000 768.8
1125000 792.5
1130000 771.0
1135000 765.6
1140000 766.3
1145000 799.6
1150000 786.4
1155000 791.2
1160000 779.0
1165000 797.9
1170000 780.4
1175000 797.7
1180000 794.8
1185000 806.0
1190000 800.3
1195000 795.3
1200000 793.0
1205000 790.5
1210000 787.4
1215000 784.0
1220000 814.3
1225000 790.4
1230000 801.3
1235000 780.5
1240000 796.4
1245000 795.1
1250000 796.5
1255000 787.1
1260000 806.1
1265000 806.9
1270000 784.8
1275000 798.1
1280000 796.8
1285000 756.1
1290000 798.2
1295000 809.2
1300000 792.3
1305000 793.3
1310000 795.2
1315000 794.8
1320000 804.5
1325000 792.8
1330000 811.6
1335000 808.8
1340000 799.0
1345000 798.7
1350000 817.7
1355000 810.7
1360000 793.8
1365000 797.8
1370000 816.6
1375000 793.8
1380000 802.8
1385000 807.2
1390000 804.7
1395000 818.9
1400000 825.6
1405000 813.9
1410000 817.7
1415000 804.9
1420000 803.6
1425000 799.3
1430000 805.6
1435000 821.3
1440000 810.2
1445000 809.2
1450000 807.9
1455000 795.5
1460000 815.5
1465000 801.2
1470000 789.6
1475000 779.4
1480000 769.5
1485000 810.6
1490000 817.2
1495000 790.0
1500000 805.0
1505000 783.8
1510000 804.8
1515000 815.3
1520000 795.3
1525000 762.7
1530000 778.4
1535000 803.8
1540000 807.9
1545000 783.2
1550000 788.4
1555000 824.9
1560000 803.7
1565000 793.1
1570000 788.1
1575000 791.7
1580000 787.8
1585000 815.5
1590000 795.2
1595000 796.4
1600000 782.0
1605000 799.5
1610000 796.2
1615000 801.3
1620000 803.8
1625000 796.1
1630000 792.5
1635000 804.6
1640000 799.5
1645000 810.8
1650000 796.9
1655000 808.8
1660000 797.6
1665000 806.2
1670000 787.6
1675000 796.7
1680000 762.5
1685000 798.5
1690000 805.3
1695000 822.2
1700000 820.3
1705000 780.5
1710000 790.4
1715000 786.7
1720000 774.3
1725000 785.3
1730000 767.1
1735000 780.6
1740000 771.9
1745000 788.7
1750000 803.0
1755000 796.2
1760000 789.8
1765000 801.6
1770000 777.9
1775000 797.1
1780000 790.1
1785000 779.9
1790000 767.3
1795000 787.6
1800000 786.0
1805000 813.5
1810000 797.5
1815000 802.7
1820000 796.7
1825000 823.2
1830000 808.4
1835000 812.1
1840000 802.3
1845000 785.8
1850000 796.1
1855000 789.5
1860000 795.8
1865000 743.7
1870000 806.7
1875000 811.7
1880000 801.6
1885000 805.6
1890000 796.0
1895000 796.1
1900000 786.4
1905000 796.0
1910000 776.1
1915000 812.4
1920000 786.3
1925000 819.3
1930000 795.6
1935000 820.4
1940000 786.5
1945000 807.9
1950000 811.3
1955000 816.7
1960000 813.0
1965000 801.9
1970000 789.9
1975000 785.3
1980000 819.0
1985000 800.9
1990000 805.8
1995000 804.3
2000000 806.3
