5000 93.3
10000 173.2
15000 47.5
20000 63.8
25000 154.4
30000 186.4
35000 108.5
40000 209.2
45000 122.6
50000 194.1
55000 139.8
60000 64.9
65000 56.0
70000 55.6
75000 85.1
80000 93.4
85000 66.9
90000 124.6
95000 352.9
100000 215.5
105000 154.6
110000 251.3
115000 60.0
120000 68.3
125000 69.5
130000 64.0
135000 37.0
140000 141.8
145000 64.3
150000 142.0
155000 79.5
160000 258.1
165000 232.5
170000 76.5
175000 233.8
180000 81.5
185000 175.1
190000 85.7
195000 419.2
200000 311.8
205000 416.3
210000 355.5
215000 355.7
220000 480.8
225000 480.7
230000 473.8
235000 218.4
240000 448.4
245000 436.1
250000 472.0
255000 462.8
260000 470.8
265000 476.1
270000 454.2
275000 463.9
280000 475.8
285000 450.9
290000 477.5
295000 475.7
300000 478.9
305000 477.3
310000 448.4
315000 478.1
320000 481.6
325000 493.6
330000 477.6
335000 472.9
340000 476.3
345000 484.9
350000 478.3
355000 480.8
360000 480.1
365000 479.2
370000 483.2
375000 485.3
380000 473.5
385000 483.0
390000 475.3
395000 479.0
400000 471.3
405000 439.6
410000 409.5
415000 398.8
420000 237.1
425000 473.4
430000 482.6
435000 482.7
440000 472.5
445000 477.6
450000 484.8
455000 479.2
460000 477.2
465000 482.8
470000 473.1
475000 477.6
480000 476.4
485000 465.2
490000 471.4
495000 451.1
500000 473.0
505000 479.6
510000 479.4
515000 473.1
520000 484.1
525000 483.9
530000 476.9
535000 497.9
540000 476.1
545000 472.8
550000 429.0
555000 473.9
560000 470.3
565000 473.4
570000 483.9
575000 478.0
580000 481.4
585000 480.1
590000 477.6
595000 476.3
600000 481.6
605000 477.2
610000 486.2
615000 471.6
620000 486.0
625000 476.3
630000 480.6
635000 469.5
640000 485.6
645000 481.4
650000 484.6
655000 476.0
660000 491.9
665000 478.0
670000 456.9
675000 476.2
680000 487.8
685000 486.7
690000 483.4
695000 484.1
700000 480.1
705000 484.5
710000 480.4
715000 486.9
720000 492.2
725000 474.3
730000 489.6
735000 524.6
740000 519.3
745000 452.6
750000 495.6
755000 514.6
760000 512.9
765000 446.4
770000 495.2
775000 501.4
780000 503.8
785000 466.4
790000 497.8
795000 507.1
800000 513.2
805000 508.0
810000 504.6
815000 503.4
820000 519.3
825000 500.5
830000 511.3
835000 512.9
840000 514.6
845000 503.3
850000 507.3
855000 502.3
860000 517.1
865000 526.4
870000 530.5
875000 509.0
880000 503.2
885000 516.6
890000 510.1
895000 517.5
900000 496.9
905000 526.4
910000 521.3
915000 534.0
920000 518.5
925000 513.9
930000 518.7
935000 507.2
940000 517.1
945000 523.6
950000 534.0
955000 534.7
960000 530.0
965000 517.7
970000 537.0
975000 541.1
980000 547.3
985000 540.5
990000 532.9
995000 544.0
1000000 565.8
1005000 566.8
1010000 551.8
1015000 551.5
1020000 584.3
1025000 593.0
1030000 575.8
1035000 541.2
1040000 601.5
1045000 593.7
1050000 596.6
1055000 601.5
1060000 610.3
1065000 624.3
1070000 626.0
1075000 643.8
1080000 637.7
1085000 640.9
1090000 648.3
1095000 633.4
1100000 624.5
1105000 647.7
1110000 643.7
1115000 648.1
1120000 661.6
1125000 654.9
1130000 664.9
1135000 659.2
1140000 661.2
1145000 660.9
1150000 665.0
1155000 660.3
1160000 657.4
1165000 657.9
1170000 656.5
1175000 649.2
1180000 669.8
1185000 679.9
1190000 670.3
1195000 657.2
1200000 669.5
1205000 654.7
1210000 673.4
1215000 672.7
1220000 678.3
1225000 677.9
1230000 668.6
1235000 673.4
1240000 671.0
1245000 667.7
1250000 643.4
1255000 669.1
1260000 666.3
1265000 654.0
1270000 662.2
1275000 639.7
1280000 653.9
1285000 672.9
1290000 670.6
1295000 661.6
1300000 659.3
1305000 684.4
1310000 673.9
1315000 667.6
1320000 682.4
1325000 682.9
1330000 679.2
1335000 682.0
1340000 679.6
1345000 671.6
1350000 672.5
1355000 675.7
1360000 682.9
1365000 670.4
1370000 668.3
1375000 672.8
1380000 685.2
1385000 667.6
1390000 669.1
1395000 673.1
1400000 683.2
1405000 662.0
1410000 683.8
1415000 682.9
1420000 692.6
1425000 668.1
1430000 686.9
1435000 689.8
1440000 668.1
1445000 676.6
1450000 679.0
1455000 685.8
1460000 681.2
1465000 681.1
1470000 677.1
1475000 676.6
1480000 660.5
1485000 681.1
1490000 681.2
1495000 635.6
1500000 672.5
1505000 673.7
1510000 686.8
1515000 682.1
1520000 687.2
1525000 678.0
1530000 675.4
1535000 671.8
1540000 680.1
1545000 684.1
1550000 682.5
1555000 683.1
1560000 675.3
1565000 685.2
1570000 681.7
1575000 686.4
1580000 686.3
1585000 687.0
1590000 689.2
1595000 678.8
1600000 685.6
1605000 674.1
1610000 685.4
1615000 684.4
1620000 692.9
1625000 683.0
1630000 685.1
1635000 693.6
1640000 678.6
1645000 677.1
1650000 682.7
1655000 683.3
1660000 681.6
1665000 680.2
1670000 680.1
1675000 671.1
1680000 684.3
1685000 679.4
1690000 680.2
1695000 690.7
1700000 673.1
1705000 688.5
1710000 685.4
1715000 678.9
1720000 688.4
1725000 676.9
1730000 682.0
1735000 680.4
1740000 697.7
1745000 682.8
1750000 670.3
1755000 679.3
1760000 688.4
1765000 692.8
1770000 681.8
1775000 689.4
1780000 692.6
1785000 690.7
1790000 678.2
1795000 686.4
1800000 684.9
1805000 687.4
1810000 672.2
1815000 689.4
1820000 687.8
1825000 677.5
1830000 684.7
1835000 680.2
1840000 686.4
1845000 682.6
1850000 694.9
1855000 685.1
1860000 674.4
1865000 687.3
1870000 698.6
1875000 674.2
1880000 691.6
1885000 687.9
1890000 682.3
1895000 691.4
1900000 686.1
1905000 675.6
1910000 687.8
1915000 691.0
1920000 694.4
1925000 678.8
1930000 682.0
1935000 693.4
1940000 695.2
1945000 685.5
1950000 697.4
1955000 671.3
1960000 684.9
1965000 685.4
1970000 686.6
1975000 690.2
1980000 681.1
1985000 692.8
1990000 685.8
1995000 673.4
2000000 697.1
