5000 25.8
10000 72.2
15000 57.6
20000 22.4
25000 78.9
30000 253.1
35000 35.6
40000 85.4
45000 152.2
50000 61.0
55000 40.3
60000 150.6
65000 377.3
70000 102.0
75000 13.0
80000 61.2
85000 100.2
90000 64.4
95000 105.3
100000 76.0
105000 25.9
110000 158.0
115000 98.3
120000 113.8
125000 192.7
130000 27.7
135000 185.1
140000 44.8
145000 245.2
150000 225.7
155000 73.2
160000 23.0
165000 286.2
170000 34.5
175000 74.2
180000 109.3
185000 168.5
190000 21.2
195000 71.0
200000 111.1
205000 168.5
210000 123.6
215000 58.4
220000 242.4
225000 161.2
230000 268.5
235000 119.9
240000 110.3
245000 180.8
250000 116.9
255000 106.2
260000 374.6
265000 235.2
270000 259.5
275000 303.3
280000 418.5
285000 195.6
290000 428.2
295000 433.7
300000 117.5
305000 402.9
310000 357.3
315000 482.5
320000 380.5
325000 432.6
330000 445.2
335000 429.4
340000 456.7
345000 461.6
350000 461.9
355000 477.4
360000 461.0
365000 462.7
370000 437.8
375000 472.7
380000 465.5
385000 470.3
390000 462.7
395000 462.4
400000 445.2
405000 471.9
410000 469.1
415000 466.5
420000 403.9
425000 472.5
430000 262.3
435000 477.1
440000 473.1
445000 471.2
450000 472.0
455000 478.2
460000 470.0
465000 358.9
470000 478.2
475000 446.8
480000 409.5
485000 454.6
490000 374.2
495000 445.9
500000 463.4
505000 462.9
510000 453.0
515000 415.7
520000 462.1
525000 466.0
530000 463.7
535000 467.9
540000 466.1
545000 485.4
550000 463.6
555000 371.7
560000 476.5
565000 474.0
570000 473.4
575000 460.1
580000 453.6
585000 448.6
590000 459.7
595000 451.5
600000 472.3
605000 464.3
610000 474.5
615000 462.4
620000 456.3
625000 459.3
630000 362.9
635000 469.8
640000 433.8
645000 472.8
650000 448.6
655000 442.7
660000 424.6
665000 447.6
670000 466.2
675000 473.5
680000 441.2
685000 473.2
690000 421.8
695000 447.5
700000 469.4
705000 456.3
710000 452.9
715000 471.5
720000 471.5
725000 446.0
730000 454.5
735000 451.8
740000 484.1
745000 461.0
750000 492.4
755000 470.6
760000 471.8
765000 465.3
770000 481.6
775000 481.2
780000 463.7
785000 486.5
790000 466.8
795000 475.9
800000 470.3
805000 472.7
810000 440.1
815000 471.6
820000 492.0
825000 459.5
830000 483.4
835000 467.0
840000 490.6
845000 475.8
850000 488.9
855000 471.2
860000 476.2
865000 496.4
870000 475.8
875000 460.7
880000 444.7
885000 442.3
890000 456.6
895000 462.2
900000 421.2
905000 458.8
910000 479.1
915000 441.8
920000 479.7
925000 465.1
930000 474.1
935000 469.9
940000 470.3
945000 442.5
950000 481.3
955000 485.7
960000 402.3
965000 477.3
970000 458.6
975000 436.0
980000 434.4
985000 430.7
990000 434.3
995000 481.6
1000000 472.1
1005000 426.4
1010000 483.8
1015000 440.6
1020000 439.8
1025000 383.7
1030000 477.2
1035000 466.7
1040000 474.1
1045000 497.5
1050000 485.4
1055000 434.0
1060000 441.9
1065000 478.2
1070000 445.6
1075000 409.1
1080000 475.2
1085000 423.1
1090000 408.4
1095000 471.8
1100000 467.5
1105000 491.3
1110000 446.6
1115000 457.2
1120000 472.7
1125000 476.0
1130000 484.9
1135000 481.7
1140000 439.2
1145000 466.9
1150000 472.0
1155000 482.9
1160000 483.5
1165000 462.5
1170000 484.3
1175000 486.3
1180000 460.6
1185000 474.0
1190000 467.9
1195000 208.6
1200000 73.4
1205000 306.7
1210000 478.8
1215000 469.5
1220000 477.2
1225000 460.4
1230000 469.9
1235000 473.1
1240000 478.8
1245000 473.5
1250000 477.8
1255000 473.0
1260000 480.1
1265000 482.4
1270000 470.4
1275000 418.1
1280000 471.7
1285000 477.2
1290000 477.2
1295000 466.2
1300000 484.1
1305000 482.0
1310000 480.1
1315000 485.3
1320000 473.3
1325000 485.9
1330000 472.8
1335000 461.2
1340000 480.2
1345000 484.6
1350000 478.5
1355000 463.0
1360000 453.3
1365000 458.6
1370000 474.9
1375000 479.1
1380000 432.2
1385000 473.6
1390000 444.3
1395000 467.2
1400000 480.5
1405000 480.5
1410000 468.6
1415000 477.5
1420000 476.8
1425000 481.6
1430000 480.5
1435000 479.3
1440000 472.2
1445000 480.9
1450000 471.6
1455000 455.9
1460000 483.4
1465000 481.6
1470000 474.2
1475000 472.9
1480000 469.3
1485000 480.5
1490000 475.9
1495000 481.2
1500000 480.6
1505000 468.9
1510000 476.1
1515000 384.5
1520000 231.3
1525000 24.3
1530000 359.5
1535000 475.1
1540000 472.0
1545000 262.7
1550000 158.6
1555000 35.8
1560000 228.3
1565000 71.5
1570000 267.8
1575000 284.6
1580000 420.8
1585000 468.6
1590000 478.1
1595000 474.2
1600000 402.2
1605000 467.3
1610000 489.6
1615000 379.4
1620000 481.1
1625000 483.2
1630000 478.0
1635000 485.1
1640000 489.3
1645000 490.5
1650000 481.7
1655000 473.9
1660000 477.5
1665000 477.1
1670000 485.7
1675000 437.5
1680000 466.1
1685000 453.2
1690000 479.1
1695000 467.5
1700000 476.3
1705000 462.8
1710000 482.1
1715000 429.0
1720000 483.2
1725000 479.8
1730000 489.0
1735000 435.6
1740000 476.4
1745000 486.2
1750000 474.7
1755000 473.7
1760000 473.4
1765000 476.2
1770000 482.5
1775000 472.7
1780000 480.7
1785000 475.1
1790000 469.5
1795000 490.3
1800000 484.6
1805000 479.5
1810000 454.4
1815000 468.1
1820000 467.1
1825000 472.5
1830000 483.3
1835000 444.6
1840000 479.7
1845000 482.0
1850000 475.5
1855000 476.8
1860000 479.6
1865000 469.7
1870000 472.2
1875000 480.5
1880000 462.3
1885000 472.9
1890000 488.1
1895000 486.5
1900000 455.5
1905000 454.5
1910000 466.0
1915000 484.8
1920000 472.3
1925000 470.6
1930000 462.6
1935000 464.0
1940000 467.8
1945000 472.2
1950000 433.0
1955000 487.7
1960000 485.3
1965000 471.5
1970000 482.0
1975000 471.2
1980000 458.3
1985000 487.7
1990000 454.4
1995000 485.6
2000000 475.5
