5000 139.9
10000 186.2
15000 16.4
20000 29.6
25000 163.0
30000 17.2
35000 67.2
40000 19.6
45000 15.9
50000 16.7
55000 188.3
60000 129.3
65000 88.0
70000 30.6
75000 63.4
80000 101.5
85000 105.3
90000 13.8
95000 100.5
100000 44.2
105000 56.7
110000 157.5
115000 35.4
120000 27.8
125000 58.9
130000 246.6
135000 181.2
140000 145.1
145000 92.7
150000 145.0
155000 282.0
160000 234.6
165000 121.3
170000 198.2
175000 223.1
180000 237.6
185000 175.6
190000 212.1
195000 179.1
200000 110.2
205000 208.9
210000 264.1
215000 175.0
220000 159.2
225000 195.1
230000 244.0
235000 250.5
240000 245.6
245000 262.2
250000 251.7
255000 308.9
260000 203.2
265000 277.4
270000 223.2
275000 288.8
280000 336.3
285000 281.3
290000 288.5
295000 242.9
300000 368.0
305000 292.6
310000 239.1
315000 349.1
320000 309.0
325000 344.3
330000 337.2
335000 375.4
340000 321.5
345000 354.8
350000 265.0
355000 315.4
360000 226.0
365000 366.6
370000 308.3
375000 325.8
380000 289.8
385000 285.0
390000 385.7
395000 322.8
400000 281.4
405000 389.7
410000 290.8
415000 366.8
420000 357.7
425000 341.1
430000 313.4
435000 339.7
440000 341.5
445000 274.9
450000 369.4
455000 291.2
460000 368.6
465000 322.4
470000 290.4
475000 321.9
480000 290.5
485000 343.4
490000 276.0
495000 391.5
500000 264.5
505000 317.8
510000 295.1
515000 325.8
520000 251.4
525000 341.3
530000 296.6
535000 316.8
540000 348.4
545000 429.4
550000 319.4
555000 320.5
560000 322.7
565000 388.8
570000 317.4
575000 223.7
580000 354.2
585000 409.9
590000 288.5
595000 345.1
600000 333.4
605000 352.0
610000 386.6
615000 328.5
620000 376.2
625000 400.0
630000 360.8
635000 356.2
640000 383.3
645000 421.6
650000 224.7
655000 455.1
660000 444.3
665000 475.9
670000 461.5
675000 466.7
680000 437.6
685000 418.6
690000 457.8
695000 418.4
700000 407.4
705000 375.8
710000 447.7
715000 469.2
720000 410.2
725000 447.1
730000 454.5
735000 454.8
740000 474.8
745000 440.2
750000 459.8
755000 459.4
760000 458.1
765000 474.2
770000 442.8
775000 445.9
780000 437.4
785000 415.8
790000 438.5
795000 472.7
800000 431.1
805000 484.6
810000 442.5
815000 466.3
820000 441.5
825000 449.1
830000 455.3
835000 421.1
840000 454.5
845000 438.5
850000 457.7
855000 490.7
860000 475.9
865000 463.4
870000 463.8
875000 350.0
880000 464.1
885000 428.1
890000 432.6
895000 466.7
900000 473.9
905000 289.5
910000 394.2
915000 470.2
920000 444.9
925000 471.6
930000 486.7
935000 473.1
940000 477.1
945000 465.6
950000 463.3
955000 470.9
960000 468.6
965000 483.5
970000 465.3
975000 479.1
980000 438.4
985000 440.0
990000 482.8
995000 485.9
1000000 474.2
1005000 292.1
1010000 480.4
1015000 328.3
1020000 422.5
1025000 420.6
1030000 433.3
1035000 462.6
1040000 399.8
1045000 386.8
1050000 431.5
1055000 455.6
1060000 470.8
1065000 431.1
1070000 434.0
1075000 461.3
1080000 458.7
1085000 443.9
1090000 431.7
1095000 462.7
1100000 422.4
1105000 467.3
1110000 470.4
1115000 472.8
1120000 467.0
1125000 464.1
1130000 471.1
1135000 464.6
1140000 472.1
1145000 476.5
1150000 481.3
1155000 478.3
1160000 469.3
1165000 446.3
1170000 452.3
1175000 459.0
1180000 472.0
1185000 473.9
1190000 462.7
1195000 451.0
1200000 480.6
1205000 454.6
1210000 451.5
1215000 455.9
1220000 454.8
1225000 439.6
1230000 463.6
1235000 478.7
1240000 484.4
1245000 466.2
1250000 467.0
1255000 480.3
1260000 453.9
1265000 388.6
1270000 453.1
1275000 478.4
1280000 428.1
1285000 456.9
1290000 485.2
1295000 487.0
1300000 436.6
1305000 476.7
1310000 457.6
1315000 440.9
1320000 475.9
1325000 460.3
1330000 455.6
1335000 480.7
1340000 465.3
1345000 458.2
1350000 478.6
1355000 482.2
1360000 481.7
1365000 490.3
1370000 482.5
1375000 452.5
1380000 461.3
1385000 465.5
1390000 476.4
1395000 458.3
1400000 483.7
1405000 424.1
1410000 477.6
1415000 461.0
1420000 479.8
1425000 482.2
1430000 451.4
1435000 476.6
1440000 448.1
1445000 477.2
1450000 474.8
1455000 477.4
1460000 480.7
1465000 468.1
1470000 462.5
1475000 482.0
1480000 457.6
1485000 486.1
1490000 456.6
1495000 450.4
1500000 485.9
1505000 482.6
1510000 459.9
1515000 484.1
1520000 476.6
1525000 483.4
1530000 478.5
1535000 463.2
1540000 474.2
1545000 459.6
1550000 479.4
1555000 460.2
1560000 460.4
1565000 477.0
1570000 476.1
1575000 457.4
1580000 436.8
1585000 474.0
1590000 448.6
1595000 467.4
1600000 438.5
1605000 482.5
1610000 461.3
1615000 439.0
1620000 468.3
1625000 441.9
1630000 478.6
1635000 484.9
1640000 471.4
1645000 455.6
1650000 437.7
1655000 486.8
1660000 480.6
1665000 486.2
1670000 466.6
1675000 461.3
1680000 483.0
1685000 438.8
1690000 478.1
1695000 492.0
1700000 476.0
1705000 438.2
1710000 466.2
1715000 487.6
1720000 475.1
1725000 433.5
1730000 481.2
1735000 478.7
1740000 483.4
1745000 451.0
1750000 463.8
1755000 482.1
1760000 483.7
1765000 459.6
1770000 437.5
1775000 462.6
1780000 470.0
1785000 478.5
1790000 484.0
1795000 436.8
1800000 465.4
1805000 484.6
1810000 476.3
1815000 467.8
1820000 460.6
1825000 462.9
1830000 394.1
1835000 477.7
1840000 482.0
1845000 442.3
1850000 476.5
1855000 465.7
1860000 466.1
1865000 488.5
1870000 462.0
1875000 463.5
1880000 479.0
1885000 486.7
1890000 483.4
1895000 459.0
1900000 477.4
1905000 461.7
1910000 478.8
1915000 431.4
1920000 484.4
1925000 482.7
1930000 475.7
1935000 477.8
1940000 474.1
1945000 477.2
1950000 477.1
1955000 437.3
1960000 488.7
1965000 457.6
1970000 438.6
1975000 487.6
1980000 464.2
1985000 456.0
1990000 482.1
1995000 476.8
2000000 483.9
