5000 101.6
10000 30.8
15000 37.8
20000 62.6
25000 32.7
30000 38.8
35000 41.9
40000 49.3
45000 21.2
50000 27.6
55000 66.3
60000 167.6
65000 42.5
70000 55.9
75000 106.3
80000 77.7
85000 199.2
90000 220.7
95000 10.7
100000 87.8
105000 39.4
110000 189.5
115000 193.3
120000 43.8
125000 71.8
130000 21.9
135000 137.8
140000 20.3
145000 102.8
150000 29.3
155000 126.9
160000 16.6
165000 134.4
170000 136.3
175000 252.1
180000 206.5
185000 112.4
190000 129.0
195000 72.4
200000 110.3
205000 135.3
210000 299.7
215000 127.9
220000 135.7
225000 79.5
230000 160.6
235000 262.7
240000 151.9
245000 238.4
250000 249.9
255000 134.6
260000 161.1
265000 244.2
270000 305.9
275000 303.7
280000 332.9
285000 295.3
290000 315.0
295000 294.9
300000 361.6
305000 388.5
310000 287.5
315000 475.5
320000 451.8
325000 442.3
330000 480.9
335000 476.3
340000 469.8
345000 433.5
350000 412.0
355000 476.0
360000 470.7
365000 473.9
370000 423.7
375000 444.2
380000 475.2
385000 496.5
390000 388.3
395000 481.4
400000 475.3
405000 440.7
410000 454.9
415000 481.4
420000 457.0
425000 483.8
430000 486.8
435000 476.7
440000 473.8
445000 506.2
450000 469.1
455000 484.2
460000 483.2
465000 474.7
470000 477.9
475000 489.9
480000 481.4
485000 388.5
490000 469.5
495000 486.9
500000 479.3
505000 484.9
510000 477.6
515000 492.0
520000 456.7
525000 476.9
530000 481.3
535000 485.4
540000 517.5
545000 488.9
550000 490.8
555000 474.1
560000 488.8
565000 478.2
570000 496.2
575000 480.4
580000 518.7
585000 495.1
590000 485.4
595000 503.7
600000 524.3
605000 488.2
610000 484.0
615000 476.1
620000 479.7
625000 471.3
630000 475.4
635000 480.5
640000 483.6
645000 485.3
650000 484.7
655000 488.3
660000 526.1
665000 482.7
670000 546.0
675000 497.8
680000 510.9
685000 491.9
690000 508.0
695000 546.8
700000 497.4
705000 472.6
710000 489.8
715000 512.0
720000 530.2
725000 468.6
730000 518.3
735000 514.6
740000 553.8
745000 507.2
750000 559.1
755000 544.6
760000 545.0
765000 569.4
770000 535.3
775000 548.3
780000 608.8
785000 538.8
790000 605.9
795000 561.1
800000 583.9
805000 564.5
810000 608.3
815000 599.3
820000 616.7
825000 596.4
830000 607.9
835000 583.3
840000 603.2
845000 607.6
850000 573.5
855000 612.9
860000 598.6
865000 603.3
870000 598.7
875000 588.0
880000 576.2
885000 592.4
890000 614.4
895000 601.0
900000 580.9
905000 603.9
910000 593.9
915000 603.6
920000 594.9
925000 604.9
930000 591.4
935000 596.1
940000 599.6
945000 589.5
950000 606.5
955000 594.8
960000 586.1
965000 608.7
970000 591.5
975000 573.5
980000 575.8
985000 618.5
990000 625.7
995000 613.5
1000000 594.2
1005000 558.4
1010000 593.1
1015000 620.5
1020000 626.8
1025000 629.2
1030000 627.2
1035000 645.2
1040000 636.6
1045000 623.8
1050000 627.3
1055000 638.9
1060000 632.0
1065000 645.0
1070000 642.2
1075000 548.4
1080000 636.0
1085000 641.2
1090000 639.2
1095000 648.5
1100000 645.5
1105000 640.6
1110000 648.8
1115000 630.7
1120000 637.8
1125000 600.2
1130000 639.2
1135000 653.3
1140000 637.6
1145000 645.4
1150000 648.5
1155000 649.3
1160000 644.0
1165000 646.4
1170000 648.0
1175000 650.7
1180000 643.1
1185000 633.9
1190000 634.8
1195000 655.9
1200000 655.1
1205000 651.8
1210000 642.7
1215000 644.0
1220000 637.6
1225000 645.2
1230000 651.0
1235000 644.5
1240000 650.5
1245000 645.5
1250000 649.4
1255000 656.0
1260000 642.3
1265000 649.9
1270000 638.2
1275000 656.4
1280000 644.8
1285000 655.0
1290000 654.9
1295000 651.0
1300000 626.2
1305000 615.4
1310000 647.1
1315000 637.6
1320000 637.0
1325000 635.2
1330000 639.4
1335000 649.6
1340000 650.1
1345000 647.4
1350000 650.8
1355000 659.3
1360000 654.6
1365000 654.3
1370000 652.7
1375000 645.5
1380000 645.5
1385000 645.1
1390000 657.4
1395000 659.1
1400000 652.8
1405000 649.9
1410000 653.0
1415000 631.6
1420000 647.8
1425000 643.0
1430000 647.8
1435000 649.6
1440000 644.3
1445000 664.3
1450000 654.9
1455000 649.0
1460000 663.6
1465000 658.6
1470000 653.8
1475000 640.3
1480000 661.2
1485000 658.4
1490000 650.0
1495000 647.6
1500000 652.1
1505000 646.5
1510000 633.2
1515000 644.7
1520000 653.5
1525000 659.0
1530000 652.8
1535000 646.5
1540000 640.0
1545000 655.9
1550000 652.2
1555000 664.6
1560000 655.8
1565000 666.5
1570000 662.8
1575000 659.9
1580000 646.4
1585000 655.7
1590000 647.7
1595000 630.4
1600000 652.1
1605000 644.4
1610000 627.6
1615000 661.7
1620000 654.8
1625000 643.5
1630000 655.4
1635000 656.1
1640000 645.8
1645000 653.2
1650000 658.9
1655000 665.6
1660000 634.4
1665000 640.7
1670000 662.8
1675000 646.5
1680000 657.4
1685000 660.7
1690000 658.6
1695000 648.3
1700000 666.2
1705000 658.1
1710000 653.4
1715000 645.4
1720000 609.8
1725000 646.3
1730000 656.2
1735000 658.9
1740000 642.2
1745000 640.1
1750000 656.3
1755000 657.7
1760000 659.2
1765000 662.1
1770000 600.6
1775000 663.0
1780000 654.3
1785000 653.9
1790000 660.9
1795000 657.9
1800000 645.5
1805000 655.6
1810000 659.0
1815000 657.0
1820000 651.3
1825000 656.2
1830000 668.8
1835000 659.9
1840000 658.3
1845000 658.8
1850000 666.8
1855000 656.1
1860000 661.7
1865000 657.2
1870000 652.4
1875000 655.8
1880000 659.6
1885000 670.1
1890000 660.1
1895000 665.1
1900000 651.5
1905000 662.4
1910000 662.3
1915000 659.2
1920000 661.6
1925000 649.4
1930000 660.8
1935000 646.2
1940000 653.6
1945000 642.2
1950000 656.6
1955000 655.2
1960000 671.8
1965000 646.2
1970000 671.3
1975000 662.2
1980000 660.0
1985000 661.4
1990000 660.0
1995000 661.5
2000000 647.6
