5000 300.0
10000 200.0
15000 197.7
20000 2.4
25000 14.7
30000 207.5
35000 233.8
40000 36.6
45000 5.3
50000 114.6
55000 166.6
60000 100.9
65000 89.2
70000 2.8
75000 192.5
80000 128.1
85000 300.8
90000 94.8
95000 97.8
100000 104.9
105000 150.0
110000 100.0
115000 104.2
120000 185.6
125000 92.0
130000 189.3
135000 195.0
140000 426.9
145000 179.3
150000 0.0
155000 94.5
160000 451.7
165000 296.8
170000 286.7
175000 349.1
180000 293.7
185000 96.6
190000 196.6
195000 486.7
200000 96.5
205000 202.8
210000 83.0
215000 379.9
220000 519.4
225000 196.7
230000 380.0
235000 298.0
240000 486.9
245000 294.4
250000 478.4
255000 485.0
260000 293.1
265000 469.9
270000 387.1
275000 394.0
280000 492.1
285000 394.6
290000 390.1
295000 574.9
300000 386.4
305000 197.1
310000 486.7
315000 577.8
320000 342.0
325000 570.3
330000 388.5
335000 0.0
340000 385.6
345000 488.3
350000 188.5
355000 294.5
360000 592.1
365000 586.4
370000 587.2
375000 361.0
380000 376.2
385000 443.7
390000 481.8
395000 591.7
400000 821.5
405000 671.9
410000 685.4
415000 287.7
420000 396.3
425000 576.7
430000 777.2
435000 720.1
440000 379.1
445000 576.2
450000 472.9
455000 578.6
460000 852.1
465000 580.8
470000 666.1
475000 756.0
480000 563.8
485000 577.4
490000 582.6
495000 667.4
500000 784.2
505000 749.8
510000 772.6
515000 666.0
520000 565.7
525000 950.7
530000 577.2
535000 802.2
540000 777.0
545000 867.8
550000 681.3
555000 762.5
560000 771.1
565000 982.5
570000 869.1
575000 742.7
580000 775.7
585000 875.2
590000 775.2
595000 872.5
600000 665.2
605000 587.3
610000 866.9
615000 571.7
620000 981.4
625000 775.0
630000 865.9
635000 669.6
640000 874.0
645000 966.9
650000 774.7
655000 675.7
660000 677.9
665000 777.9
670000 974.7
675000 875.5
680000 681.3
685000 684.4
690000 956.0
695000 950.8
700000 858.4
705000 775.6
710000 950.2
715000 872.1
720000 938.1
725000 673.9
730000 841.6
735000 777.2
740000 867.4
745000 868.3
750000 866.2
755000 967.8
760000 762.0
765000 768.2
770000 873.1
775000 970.9
780000 945.5
785000 857.3
790000 765.3
795000 860.1
800000 874.1
805000 978.7
810000 961.5
815000 867.8
820000 951.8
825000 776.8
830000 978.2
835000 874.4
840000 977.2
845000 869.6
850000 759.1
855000 900.3
860000 963.3
865000 881.1
870000 866.5
875000 963.0
880000 861.8
885000 870.5
890000 865.8
895000 868.6
900000 880.1
905000 872.6
910000 961.4
915000 980.8
920000 782.7
925000 776.2
930000 978.0
935000 778.6
940000 852.4
945000 960.8
950000 965.6
955000 863.8
960000 849.7
965000 864.4
970000 957.2
975000 783.4
980000 871.1
985000 969.9
990000 968.4
995000 770.2
1000000 875.7
1005000 786.0
1010000 585.3
1015000 535.2
1020000 389.6
1025000 858.6
1030000 694.8
1035000 576.7
1040000 716.5
1045000 673.6
1050000 576.0
1055000 571.1
1060000 661.1
1065000 765.4
1070000 608.4
1075000 872.1
1080000 675.6
1085000 768.4
1090000 539.4
1095000 588.7
1100000 722.9
1105000 558.5
1110000 322.3
1115000 582.2
1120000 586.8
1125000 673.2
1130000 583.6
1135000 676.3
1140000 779.5
1145000 583.2
1150000 953.0
1155000 780.5
1160000 385.3
1165000 775.5
1170000 753.6
1175000 676.6
1180000 672.8
1185000 680.5
1190000 468.3
1195000 476.4
1200000 874.6
1205000 666.4
1210000 870.8
1215000 767.2
1220000 668.2
1225000 880.8
1230000 945.8
1235000 770.5
1240000 692.0
1245000 673.0
1250000 772.3
1255000 771.3
1260000 772.0
1265000 771.5
1270000 661.4
1275000 874.6
1280000 861.5
1285000 763.3
1290000 569.1
1295000 669.4
1300000 780.7
1305000 567.7
1310000 806.9
1315000 778.3
1320000 843.3
1325000 792.1
1330000 881.5
1335000 768.2
1340000 683.3
1345000 950.9
1350000 950.4
1355000 963.0
1360000 967.3
1365000 946.4
1370000 869.4
1375000 769.2
1380000 871.9
1385000 767.0
1390000 584.2
1395000 678.4
1400000 877.1
1405000 865.6
1410000 793.3
1415000 969.8
1420000 879.6
1425000 836.8
1430000 874.5
1435000 793.0
1440000 875.8
1445000 964.7
1450000 975.3
1455000 868.9
1460000 780.5
1465000 668.9
1470000 781.0
1475000 966.1
1480000 864.0
1485000 670.2
1490000 880.9
1495000 878.8
1500000 961.8
1505000 978.4
1510000 962.6
1515000 664.4
1520000 969.2
1525000 871.1
1530000 870.2
1535000 877.8
1540000 969.3
1545000 962.4
1550000 952.9
1555000 961.0
1560000 768.3
1565000 792.8
1570000 963.6
1575000 868.2
1580000 773.6
1585000 975.0
1590000 572.9
1595000 882.0
1600000 878.6
1605000 875.2
1610000 665.8
1615000 587.5
1620000 877.3
1625000 965.1
1630000 968.7
1635000 872.2
1640000 867.6
1645000 874.0
1650000 958.1
1655000 862.2
1660000 785.0
1665000 949.8
1670000 865.3
1675000 960.2
1680000 868.1
1685000 963.9
1690000 874.2
1695000 880.6
1700000 971.0
1705000 973.1
1710000 773.7
1715000 972.5
1720000 774.9
1725000 973.5
1730000 862.6
1735000 878.0
1740000 866.0
1745000 771.9
1750000 957.8
1755000 937.4
1760000 777.4
1765000 873.4
1770000 868.1
1775000 673.5
1780000 879.0
1785000 877.5
1790000 868.9
1795000 979.9
1800000 866.4
1805000 966.5
1810000 970.2
1815000 978.2
1820000 779.7
1825000 863.8
1830000 963.1
1835000 979.4
1840000 872.2
1845000 962.6
1850000 686.5
1855000 872.5
1860000 770.9
1865000 668.5
1870000 864.5
1875000 969.2
1880000 874.9
1885000 782.8
1890000 881.1
1895000 966.6
1900000 878.9
1905000 973.6
1910000 978.8
1915000 977.4
1920000 981.9
1925000 873.1
1930000 984.1
1935000 975.5
1940000 867.9
1945000 784.3
1950000 971.1
1955000 873.2
1960000 984.2
1965000 880.7
1970000 874.7
1975000 963.6
1980000 967.1
1985000 978.6
1990000 979.0
1995000 877.0
2000000 973.0
