5000 0.0
10000 0.0
15000 0.0
20000 2.2
25000 204.8
30000 100.0
35000 146.1
40000 128.2
45000 0.4
50000 195.9
55000 275.5
60000 21.4
65000 120.7
70000 395.5
75000 114.9
80000 228.9
85000 200.2
90000 99.8
95000 101.5
100000 326.3
105000 295.8
110000 259.1
115000 296.2
120000 179.4
125000 308.0
130000 247.6
135000 218.5
140000 193.1
145000 101.0
150000 190.5
155000 218.3
160000 144.6
165000 105.8
170000 92.7
175000 484.8
180000 25.4
185000 225.3
190000 197.1
195000 198.6
200000 405.2
205000 199.1
210000 195.4
215000 468.9
220000 435.1
225000 685.6
230000 0.0
235000 0.6
240000 95.9
245000 190.3
250000 672.7
255000 217.4
260000 379.8
265000 96.6
270000 466.8
275000 392.4
280000 290.2
285000 386.9
290000 292.2
295000 256.2
300000 404.7
305000 96.6
310000 99.1
315000 293.7
320000 286.2
325000 288.0
330000 396.8
335000 196.3
340000 493.9
345000 580.2
350000 390.8
355000 581.1
360000 486.9
365000 291.6
370000 384.1
375000 291.4
380000 98.8
385000 653.0
390000 600.1
395000 346.7
400000 176.6
405000 294.1
410000 494.7
415000 468.1
420000 589.0
425000 280.5
430000 668.2
435000 379.6
440000 677.3
445000 488.0
450000 438.1
455000 748.5
460000 483.2
465000 364.3
470000 485.5
475000 394.4
480000 665.2
485000 680.7
490000 592.1
495000 593.0
500000 472.1
505000 479.1
510000 665.4
515000 741.9
520000 297.2
525000 586.6
530000 665.8
535000 863.8
540000 868.6
545000 486.5
550000 678.0
555000 881.3
560000 965.9
565000 577.4
570000 865.6
575000 673.1
580000 672.2
585000 771.8
590000 760.8
595000 574.8
600000 755.8
605000 753.7
610000 952.6
615000 677.5
620000 774.6
625000 773.9
630000 585.6
635000 388.4
640000 862.7
645000 861.7
650000 667.2
655000 768.7
660000 857.4
665000 670.5
670000 574.9
675000 674.6
680000 777.3
685000 767.3
690000 770.9
695000 559.1
700000 675.6
705000 676.4
710000 585.8
715000 580.0
720000 775.2
725000 588.4
730000 874.7
735000 781.4
740000 862.1
745000 868.0
750000 676.4
755000 865.1
760000 870.0
765000 769.2
770000 753.0
775000 866.6
780000 771.7
785000 866.0
790000 979.4
795000 683.5
800000 879.3
805000 973.5
810000 872.2
815000 871.2
820000 876.1
825000 863.6
830000 671.1
835000 784.2
840000 777.6
845000 882.7
850000 677.3
855000 960.6
860000 970.6
865000 771.4
870000 580.9
875000 884.6
880000 763.5
885000 865.4
890000 762.0
895000 885.8
900000 776.0
905000 773.5
910000 928.3
915000 916.2
920000 960.4
925000 871.7
930000 676.2
935000 972.5
940000 873.9
945000 780.3
950000 872.2
955000 964.8
960000 856.8
965000 861.7
970000 967.7
975000 950.4
980000 961.4
985000 866.8
990000 857.7
995000 850.4
1000000 981.5
1005000 677.3
1010000 395.3
1015000 195.3
1020000 680.4
1025000 203.1
1030000 479.0
1035000 577.0
1040000 319.3
1045000 345.7
1050000 502.1
1055000 746.1
1060000 686.2
1065000 485.6
1070000 560.8
1075000 776.2
1080000 458.3
1085000 476.2
1090000 490.4
1095000 773.9
1100000 463.5
1105000 679.2
1110000 783.3
1115000 570.6
1120000 492.5
1125000 583.1
1130000 394.9
1135000 870.3
1140000 385.6
1145000 493.2
1150000 675.4
1155000 673.9
1160000 474.7
1165000 878.0
1170000 577.9
1175000 675.6
1180000 763.1
1185000 491.3
1190000 571.8
1195000 773.4
1200000 874.7
1205000 488.6
1210000 581.5
1215000 861.1
1220000 667.0
1225000 861.8
1230000 775.2
1235000 580.9
1240000 587.2
1245000 577.2
1250000 587.3
1255000 868.4
1260000 581.7
1265000 777.5
1270000 679.3
1275000 683.5
1280000 782.8
1285000 769.3
1290000 588.7
1295000 670.5
1300000 779.6
1305000 780.1
1310000 489.0
1315000 861.1
1320000 675.7
1325000 871.3
1330000 679.3
1335000 971.0
1340000 678.8
1345000 769.8
1350000 764.9
1355000 677.5
1360000 870.9
1365000 777.8
1370000 972.5
1375000 959.5
1380000 973.4
1385000 583.7
1390000 831.4
1395000 768.0
1400000 675.2
1405000 879.7
1410000 873.7
1415000 870.4
1420000 975.1
1425000 969.7
1430000 784.1
1435000 870.1
1440000 871.0
1445000 776.8
1450000 867.3
1455000 863.8
1460000 878.9
1465000 870.5
1470000 879.8
1475000 868.4
1480000 967.9
1485000 872.8
1490000 972.2
1495000 864.2
1500000 869.4
1505000 877.5
1510000 972.6
1515000 878.3
1520000 680.3
1525000 960.9
1530000 772.5
1535000 970.7
1540000 817.6
1545000 874.5
1550000 971.3
1555000 868.2
1560000 957.9
1565000 956.6
1570000 976.4
1575000 683.0
1580000 978.0
1585000 966.6
1590000 871.0
1595000 961.5
1600000 969.3
1605000 867.4
1610000 869.1
1615000 873.4
1620000 681.3
1625000 968.4
1630000 771.4
1635000 867.0
1640000 776.0
1645000 876.4
1650000 963.4
1655000 971.4
1660000 974.5
1665000 781.2
1670000 857.8
1675000 978.3
1680000 866.7
1685000 966.2
1690000 979.4
1695000 737.7
1700000 973.6
1705000 972.0
1710000 866.1
1715000 968.7
1720000 963.8
1725000 977.1
1730000 962.9
1735000 871.1
1740000 884.9
1745000 783.1
1750000 952.8
1755000 975.7
1760000 965.2
1765000 774.1
1770000 770.4
1775000 976.5
1780000 777.7
1785000 861.9
1790000 971.6
1795000 774.4
1800000 972.7
1805000 971.4
1810000 972.9
1815000 866.7
1820000 876.0
1825000 862.9
1830000 868.7
1835000 869.9
1840000 977.1
1845000 879.5
1850000 966.6
1855000 976.3
1860000 977.2
1865000 971.5
1870000 980.3
1875000 875.6
1880000 975.6
1885000 970.8
1890000 962.6
1895000 879.8
1900000 968.9
1905000 869.7
1910000 970.4
1915000 968.0
1920000 972.5
1925000 980.4
1930000 969.8
1935000 973.7
1940000 953.9
1945000 971.9
1950000 874.9
1955000 970.7
1960000 783.7
1965000 964.8
1970000 683.7
1975000 877.5
1980000 780.8
1985000 974.0
1990000 865.6
1995000 876.2
2000000 956.9
