5000 100.0
10000 100.0
15000 0.0
20000 0.0
25000 8.5
30000 0.0
35000 102.2
40000 297.8
45000 230.2
50000 0.0
55000 62.1
60000 100.0
65000 97.6
70000 196.6
75000 100.0
80000 187.0
85000 74.8
90000 390.2
95000 292.3
100000 316.1
105000 151.8
110000 152.7
115000 97.1
120000 0.0
125000 100.0
130000 0.0
135000 100.0
140000 265.6
145000 194.6
150000 290.6
155000 191.7
160000 93.8
165000 295.6
170000 97.9
175000 100.0
180000 277.2
185000 133.0
190000 263.2
195000 489.8
200000 386.7
205000 187.5
210000 100.4
215000 292.9
220000 282.4
225000 271.9
230000 273.1
235000 445.3
240000 180.2
245000 197.6
250000 279.8
255000 196.2
260000 382.7
265000 390.6
270000 383.6
275000 196.4
280000 485.4
285000 459.9
290000 284.3
295000 565.0
300000 385.7
305000 479.9
310000 678.3
315000 483.5
320000 389.0
325000 98.8
330000 280.1
335000 287.7
340000 569.7
345000 291.4
350000 295.8
355000 293.5
360000 296.5
365000 386.9
370000 199.0
375000 493.6
380000 279.7
385000 295.2
390000 292.3
395000 466.5
400000 677.2
405000 472.5
410000 190.1
415000 489.0
420000 190.2
425000 582.5
430000 733.6
435000 383.4
440000 387.5
445000 88.4
450000 477.8
455000 475.9
460000 389.0
465000 489.3
470000 587.6
475000 387.3
480000 668.2
485000 477.9
490000 587.1
495000 776.1
500000 671.6
505000 773.7
510000 569.7
515000 679.7
520000 585.5
525000 579.6
530000 256.6
535000 687.3
540000 382.8
545000 574.2
550000 487.3
555000 777.0
560000 455.3
565000 767.8
570000 448.3
575000 387.6
580000 687.7
585000 482.7
590000 573.7
595000 776.2
600000 660.0
605000 861.1
610000 774.0
615000 769.2
620000 577.4
625000 691.0
630000 578.9
635000 745.3
640000 390.9
645000 676.8
650000 564.3
655000 786.8
660000 581.5
665000 719.5
670000 876.0
675000 487.4
680000 865.8
685000 523.4
690000 755.2
695000 649.4
700000 762.0
705000 731.1
710000 675.4
715000 873.8
720000 855.8
725000 475.8
730000 784.8
735000 876.1
740000 678.9
745000 575.6
750000 578.1
755000 900.9
760000 670.2
765000 579.2
770000 771.8
775000 767.4
780000 771.2
785000 577.2
790000 582.6
795000 761.1
800000 875.5
805000 814.6
810000 674.7
815000 676.6
820000 973.0
825000 670.7
830000 765.0
835000 780.0
840000 869.6
845000 869.8
850000 967.0
855000 667.3
860000 870.1
865000 774.1
870000 766.8
875000 775.9
880000 670.5
885000 666.9
890000 869.8
895000 777.4
900000 777.3
905000 943.0
910000 764.0
915000 880.6
920000 675.7
925000 774.1
930000 871.9
935000 580.3
940000 654.7
945000 882.9
950000 959.4
955000 973.1
960000 776.4
965000 865.9
970000 781.7
975000 779.2
980000 674.4
985000 965.0
990000 880.9
995000 872.9
1000000 580.1
1005000 582.1
1010000 377.8
1015000 372.2
1020000 664.2
1025000 195.0
1030000 587.9
1035000 329.8
1040000 577.2
1045000 320.0
1050000 268.9
1055000 286.4
1060000 389.7
1065000 474.4
1070000 484.8
1075000 590.0
1080000 376.0
1085000 343.4
1090000 290.1
1095000 688.9
1100000 589.2
1105000 569.7
1110000 666.6
1115000 677.0
1120000 670.9
1125000 759.3
1130000 877.3
1135000 576.4
1140000 468.6
1145000 475.0
1150000 862.8
1155000 763.8
1160000 721.2
1165000 391.6
1170000 866.7
1175000 854.2
1180000 678.2
1185000 862.3
1190000 785.3
1195000 848.1
1200000 577.8
1205000 774.7
1210000 390.4
1215000 587.0
1220000 773.3
1225000 874.5
1230000 677.2
1235000 572.1
1240000 962.1
1245000 877.1
1250000 670.8
1255000 591.7
1260000 811.4
1265000 974.7
1270000 847.0
1275000 755.8
1280000 764.4
1285000 876.0
1290000 943.2
1295000 770.5
1300000 878.9
1305000 778.2
1310000 968.7
1315000 735.8
1320000 884.1
1325000 754.3
1330000 769.8
1335000 942.9
1340000 865.5
1345000 760.8
1350000 772.5
1355000 856.0
1360000 774.1
1365000 861.2
1370000 944.0
1375000 861.5
1380000 762.9
1385000 794.5
1390000 962.6
1395000 875.5
1400000 872.5
1405000 942.1
1410000 879.2
1415000 851.8
1420000 760.6
1425000 830.6
1430000 677.3
1435000 851.6
1440000 786.1
1445000 777.6
1450000 875.9
1455000 870.4
1460000 871.2
1465000 676.4
1470000 772.1
1475000 857.1
1480000 870.5
1485000 965.3
1490000 777.0
1495000 955.4
1500000 961.6
1505000 941.5
1510000 856.5
1515000 774.3
1520000 969.9
1525000 867.7
1530000 973.9
1535000 876.7
1540000 867.8
1545000 969.1
1550000 860.6
1555000 978.5
1560000 781.7
1565000 965.3
1570000 956.8
1575000 954.0
1580000 973.1
1585000 838.1
1590000 969.0
1595000 970.1
1600000 870.4
1605000 981.0
1610000 972.0
1615000 873.8
1620000 880.2
1625000 769.6
1630000 970.3
1635000 971.4
1640000 873.0
1645000 975.7
1650000 971.5
1655000 975.0
1660000 876.3
1665000 951.4
1670000 956.9
1675000 874.4
1680000 876.0
1685000 776.2
1690000 963.5
1695000 974.4
1700000 956.0
1705000 978.2
1710000 871.4
1715000 875.7
1720000 862.3
1725000 861.2
1730000 976.8
1735000 883.8
1740000 971.1
1745000 963.5
1750000 964.4
1755000 878.3
1760000 963.9
1765000 973.1
1770000 971.8
1775000 777.8
1780000 976.3
1785000 980.9
1790000 868.7
1795000 976.4
1800000 964.7
1805000 962.2
1810000 963.4
1815000 969.7
1820000 966.2
1825000 963.9
1830000 984.9
1835000 969.4
1840000 948.4
1845000 966.0
1850000 975.8
1855000 961.2
1860000 875.5
1865000 973.8
1870000 968.9
1875000 981.4
1880000 965.4
1885000 962.8
1890000 972.7
1895000 972.0
1900000 973.6
1905000 964.0
1910000 954.5
1915000 876.9
1920000 877.7
1925000 870.8
1930000 980.4
1935000 973.7
1940000 974.8
1945000 974.8
1950000 984.3
1955000 958.7
1960000 954.4
1965000 869.9
1970000 867.3
1975000 964.0
1980000 971.6
1985000 972.0
1990000 977.2
1995000 880.4
2000000 874.2
