5000 0.0
10000 0.0
15000 100.5
20000 0.0
25000 83.3
30000 97.5
35000 99.0
40000 300.0
45000 0.0
50000 2.1
55000 185.4
60000 0.0
65000 200.2
70000 199.1
75000 0.0
80000 100.0
85000 99.2
90000 0.0
95000 306.9
100000 194.8
105000 190.7
110000 195.9
115000 243.4
120000 191.6
125000 0.8
130000 87.0
135000 72.0
140000 19.0
145000 31.1
150000 124.9
155000 96.9
160000 196.9
165000 239.8
170000 115.6
175000 0.0
180000 56.7
185000 546.8
190000 386.6
195000 185.9
200000 388.2
205000 195.4
210000 102.8
215000 275.1
220000 198.2
225000 0.0
230000 160.5
235000 189.5
240000 195.1
245000 266.7
250000 151.2
255000 292.7
260000 189.4
265000 97.1
270000 384.1
275000 352.8
280000 187.0
285000 392.6
290000 228.0
295000 451.5
300000 390.9
305000 100.0
310000 312.6
315000 373.9
320000 393.2
325000 395.3
330000 367.6
335000 372.2
340000 379.7
345000 489.0
350000 191.6
355000 389.5
360000 283.3
365000 474.4
370000 372.3
375000 566.3
380000 521.9
385000 600.0
390000 449.8
395000 566.3
400000 573.5
405000 765.4
410000 409.4
415000 572.7
420000 673.3
425000 586.0
430000 684.7
435000 763.5
440000 367.1
445000 659.5
450000 565.1
455000 741.4
460000 475.0
465000 775.0
470000 657.4
475000 479.9
480000 577.3
485000 773.3
490000 674.6
495000 671.8
500000 782.0
505000 766.5
510000 590.4
515000 871.1
520000 581.1
525000 761.8
530000 675.0
535000 486.4
540000 776.3
545000 672.2
550000 577.7
555000 488.7
560000 481.7
565000 380.0
570000 669.3
575000 674.2
580000 594.6
585000 773.5
590000 776.9
595000 579.7
600000 765.7
605000 674.3
610000 864.9
615000 582.9
620000 957.1
625000 689.3
630000 783.7
635000 764.1
640000 965.7
645000 744.1
650000 767.6
655000 756.6
660000 769.6
665000 679.3
670000 671.8
675000 867.5
680000 763.6
685000 789.9
690000 774.1
695000 685.8
700000 967.9
705000 960.8
710000 858.4
715000 966.1
720000 974.4
725000 960.5
730000 866.5
735000 772.5
740000 680.3
745000 875.6
750000 879.0
755000 766.4
760000 856.8
765000 782.3
770000 959.2
775000 969.2
780000 873.9
785000 966.2
790000 776.0
795000 874.6
800000 881.5
805000 877.3
810000 966.7
815000 866.6
820000 874.1
825000 774.7
830000 957.8
835000 778.0
840000 846.3
845000 861.6
850000 974.6
855000 874.3
860000 960.1
865000 864.1
870000 876.8
875000 857.6
880000 876.2
885000 958.0
890000 779.1
895000 782.8
900000 771.7
905000 969.6
910000 875.4
915000 867.3
920000 875.8
925000 967.9
930000 861.7
935000 779.6
940000 876.2
945000 880.5
950000 767.9
955000 872.6
960000 977.8
965000 867.0
970000 873.6
975000 967.2
980000 875.9
985000 869.2
990000 879.4
995000 873.5
1000000 969.1
1005000 730.2
1010000 579.1
1015000 491.7
1020000 571.8
1025000 369.5
1030000 577.7
1035000 484.5
1040000 586.4
1045000 653.2
1050000 872.1
1055000 691.7
1060000 430.7
1065000 761.6
1070000 666.4
1075000 578.1
1080000 744.4
1085000 752.2
1090000 310.7
1095000 710.5
1100000 771.7
1105000 559.1
1110000 559.9
1115000 682.5
1120000 589.2
1125000 457.3
1130000 573.3
1135000 568.1
1140000 478.1
1145000 673.0
1150000 868.7
1155000 580.7
1160000 672.8
1165000 577.3
1170000 673.4
1175000 484.1
1180000 872.0
1185000 776.3
1190000 969.3
1195000 730.9
1200000 665.5
1205000 680.1
1210000 568.5
1215000 684.2
1220000 778.2
1225000 749.9
1230000 676.6
1235000 958.0
1240000 666.9
1245000 881.1
1250000 865.3
1255000 603.8
1260000 768.2
1265000 768.9
1270000 873.3
1275000 959.8
1280000 960.9
1285000 742.6
1290000 888.6
1295000 741.5
1300000 785.2
1305000 685.0
1310000 774.0
1315000 958.5
1320000 868.9
1325000 869.5
1330000 960.0
1335000 775.2
1340000 961.7
1345000 869.3
1350000 865.9
1355000 872.7
1360000 967.2
1365000 873.1
1370000 773.0
1375000 875.4
1380000 866.9
1385000 869.1
1390000 869.1
1395000 770.2
1400000 761.0
1405000 773.6
1410000 575.6
1415000 771.5
1420000 669.9
1425000 880.0
1430000 867.0
1435000 864.3
1440000 877.0
1445000 877.3
1450000 978.7
1455000 855.0
1460000 852.5
1465000 783.5
1470000 965.9
1475000 871.7
1480000 964.2
1485000 974.2
1490000 770.4
1495000 865.6
1500000 763.5
1505000 871.1
1510000 861.8
1515000 944.1
1520000 863.7
1525000 681.3
1530000 869.3
1535000 851.4
1540000 675.3
1545000 583.8
1550000 866.5
1555000 870.7
1560000 768.1
1565000 872.2
1570000 970.1
1575000 782.2
1580000 973.2
1585000 869.4
1590000 967.8
1595000 870.0
1600000 760.6
1605000 663.0
1610000 776.8
1615000 869.8
1620000 976.2
1625000 875.1
1630000 873.1
1635000 966.3
1640000 774.5
1645000 870.7
1650000 881.5
1655000 966.1
1660000 872.7
1665000 778.6
1670000 884.7
1675000 939.5
1680000 933.7
1685000 877.2
1690000 764.1
1695000 873.3
1700000 964.4
1705000 984.8
1710000 873.0
1715000 978.4
1720000 774.5
1725000 914.0
1730000 865.6
1735000 877.5
1740000 781.9
1745000 956.1
1750000 868.5
1755000 746.5
1760000 868.0
1765000 964.5
1770000 971.0
1775000 778.0
1780000 968.8
1785000 974.3
1790000 949.9
1795000 791.0
1800000 976.8
1805000 889.1
1810000 873.9
1815000 873.2
1820000 869.7
1825000 880.8
1830000 887.1
1835000 778.7
1840000 784.9
1845000 961.0
1850000 968.9
1855000 965.2
1860000 878.7
1865000 871.0
1870000 875.4
1875000 963.9
1880000 878.1
1885000 976.4
1890000 968.3
1895000 780.1
1900000 869.7
1905000 873.0
1910000 964.8
1915000 963.0
1920000 979.2
1925000 877.7
1930000 775.5
1935000 873.2
1940000 866.7
1945000 969.3
1950000 971.5
1955000 769.7
1960000 966.5
1965000 673.7
1970000 879.9
1975000 881.4
1980000 694.9
1985000 963.4
1990000 716.5
1995000 782.4
2000000 685.6
