5000 0.0
10000 0.6
15000 100.0
20000 2.7
25000 191.5
30000 96.2
35000 99.6
40000 0.0
45000 0.0
50000 108.6
55000 20.1
60000 92.1
65000 300.6
70000 4.1
75000 132.8
80000 0.0
85000 108.8
90000 193.8
95000 149.2
100000 101.2
105000 7.6
110000 181.0
115000 94.5
120000 92.7
125000 5.3
130000 3.9
135000 92.3
140000 476.7
145000 232.6
150000 100.0
155000 307.7
160000 114.2
165000 389.0
170000 187.5
175000 467.6
180000 98.8
185000 133.6
190000 192.9
195000 282.6
200000 471.3
205000 492.3
210000 196.9
215000 290.2
220000 454.9
225000 196.3
230000 384.9
235000 275.8
240000 385.9
245000 490.0
250000 253.7
255000 484.3
260000 358.4
265000 386.8
270000 335.3
275000 603.7
280000 548.1
285000 249.3
290000 484.8
295000 487.6
300000 545.8
305000 409.6
310000 392.9
315000 771.2
320000 673.5
325000 294.5
330000 565.3
335000 370.3
340000 673.6
345000 489.2
350000 575.9
355000 387.7
360000 489.2
365000 296.7
370000 582.2
375000 386.6
380000 386.9
385000 669.2
390000 491.4
395000 674.1
400000 583.9
405000 678.0
410000 581.3
415000 875.8
420000 287.2
425000 382.1
430000 671.9
435000 681.4
440000 486.3
445000 489.8
450000 765.6
455000 392.7
460000 579.8
465000 847.5
470000 506.3
475000 394.3
480000 490.1
485000 481.8
490000 490.2
495000 778.0
500000 774.3
505000 695.2
510000 585.7
515000 572.0
520000 670.1
525000 589.3
530000 784.5
535000 683.1
540000 770.3
545000 491.7
550000 586.6
555000 770.6
560000 881.1
565000 866.9
570000 649.6
575000 881.2
580000 674.6
585000 587.9
590000 975.6
595000 774.6
600000 870.0
605000 474.9
610000 858.2
615000 883.3
620000 751.0
625000 669.5
630000 779.3
635000 801.2
640000 872.9
645000 781.0
650000 669.9
655000 774.4
660000 769.9
665000 968.2
670000 668.0
675000 866.6
680000 748.9
685000 875.1
690000 779.1
695000 764.8
700000 885.7
705000 770.2
710000 851.2
715000 866.2
720000 774.7
725000 755.1
730000 753.0
735000 592.6
740000 837.6
745000 491.2
750000 786.7
755000 875.1
760000 871.5
765000 673.0
770000 868.8
775000 781.6
780000 955.3
785000 668.6
790000 948.5
795000 974.6
800000 777.5
805000 584.1
810000 682.5
815000 934.1
820000 863.9
825000 867.4
830000 840.8
835000 774.9
840000 858.8
845000 772.2
850000 797.4
855000 585.3
860000 867.8
865000 774.6
870000 672.5
875000 850.1
880000 861.7
885000 867.4
890000 866.7
895000 955.1
900000 674.4
905000 760.8
910000 874.6
915000 774.8
920000 965.4
925000 966.9
930000 856.3
935000 865.9
940000 770.2
945000 972.1
950000 866.9
955000 860.4
960000 957.2
965000 970.2
970000 977.1
975000 966.5
980000 969.8
985000 870.9
990000 771.5
995000 771.2
1000000 862.0
1005000 684.0
1010000 959.8
1015000 475.0
1020000 758.8
1025000 194.8
1030000 475.0
1035000 580.5
1040000 383.9
1045000 558.3
1050000 770.0
1055000 481.5
1060000 659.3
1065000 519.6
1070000 755.5
1075000 566.2
1080000 683.1
1085000 668.7
1090000 562.1
1095000 580.5
1100000 583.1
1105000 670.8
1110000 394.1
1115000 972.0
1120000 758.9
1125000 487.4
1130000 390.8
1135000 483.9
1140000 579.9
1145000 804.5
1150000 490.7
1155000 872.8
1160000 853.2
1165000 763.0
1170000 585.5
1175000 676.0
1180000 858.5
1185000 671.1
1190000 616.8
1195000 467.1
1200000 581.4
1205000 855.5
1210000 629.3
1215000 608.6
1220000 761.7
1225000 679.1
1230000 867.2
1235000 750.6
1240000 850.1
1245000 801.7
1250000 635.5
1255000 877.9
1260000 852.4
1265000 966.5
1270000 862.5
1275000 773.3
1280000 770.5
1285000 781.2
1290000 812.1
1295000 970.7
1300000 778.1
1305000 958.0
1310000 864.0
1315000 700.5
1320000 871.6
1325000 968.3
1330000 857.9
1335000 852.0
1340000 970.3
1345000 860.5
1350000 944.2
1355000 587.5
1360000 870.0
1365000 841.4
1370000 880.6
1375000 767.4
1380000 969.4
1385000 668.3
1390000 874.4
1395000 878.4
1400000 861.1
1405000 721.8
1410000 867.0
1415000 870.3
1420000 729.1
1425000 966.9
1430000 967.5
1435000 967.3
1440000 858.9
1445000 856.9
1450000 864.4
1455000 758.7
1460000 873.1
1465000 957.8
1470000 947.4
1475000 770.9
1480000 861.2
1485000 855.0
1490000 981.7
1495000 956.0
1500000 762.3
1505000 946.8
1510000 966.4
1515000 958.8
1520000 769.8
1525000 959.9
1530000 759.6
1535000 878.0
1540000 775.4
1545000 934.7
1550000 870.1
1555000 862.8
1560000 966.5
1565000 869.0
1570000 867.4
1575000 970.1
1580000 874.9
1585000 848.1
1590000 891.4
1595000 965.4
1600000 975.0
1605000 878.8
1610000 878.9
1615000 786.8
1620000 782.2
1625000 869.6
1630000 771.8
1635000 773.2
1640000 958.3
1645000 871.8
1650000 966.7
1655000 817.1
1660000 977.7
1665000 980.5
1670000 951.7
1675000 970.9
1680000 967.0
1685000 876.8
1690000 771.7
1695000 963.2
1700000 872.7
1705000 877.8
1710000 967.9
1715000 780.4
1720000 971.9
1725000 890.4
1730000 870.8
1735000 953.1
1740000 883.2
1745000 962.0
1750000 962.9
1755000 963.3
1760000 867.6
1765000 874.4
1770000 962.3
1775000 883.7
1780000 879.8
1785000 884.7
1790000 969.9
1795000 966.6
1800000 974.8
1805000 976.5
1810000 975.9
1815000 974.7
1820000 972.9
1825000 978.3
1830000 967.8
1835000 879.3
1840000 962.0
1845000 961.0
1850000 881.3
1855000 960.9
1860000 950.1
1865000 965.7
1870000 960.1
1875000 870.5
1880000 969.7
1885000 858.6
1890000 960.2
1895000 964.7
1900000 953.5
1905000 873.5
1910000 969.3
1915000 880.5
1920000 976.4
1925000 773.7
1930000 873.4
1935000 972.2
1940000 968.8
1945000 973.9
1950000 969.0
1955000 956.4
1960000 978.2
1965000 874.3
1970000 972.0
1975000 969.5
1980000 954.8
1985000 962.3
1990000 973.3
1995000 981.6
2000000 966.8
