5000 0.0
10000 0.0
15000 0.0
20000 0.7
25000 197.4
30000 185.6
35000 101.2
40000 0.9
45000 6.6
50000 18.3
55000 101.0
60000 120.5
65000 1.2
70000 197.3
75000 98.7
80000 188.6
85000 184.8
90000 492.2
95000 104.3
100000 358.0
105000 173.5
110000 302.2
115000 0.8
120000 28.0
125000 194.4
130000 309.5
135000 185.6
140000 147.3
145000 100.0
150000 294.9
155000 388.5
160000 286.1
165000 151.7
170000 280.3
175000 100.0
180000 672.8
185000 386.2
190000 100.0
195000 195.6
200000 382.8
205000 293.2
210000 178.1
215000 197.6
220000 2.6
225000 552.5
230000 195.1
235000 173.4
240000 486.7
245000 179.8
250000 234.6
255000 386.8
260000 295.7
265000 99.3
270000 492.4
275000 476.6
280000 324.4
285000 542.7
290000 202.3
295000 486.6
300000 341.3
305000 667.9
310000 568.8
315000 394.5
320000 489.6
325000 702.7
330000 391.8
335000 491.3
340000 481.1
345000 292.5
350000 483.8
355000 569.5
360000 488.6
365000 476.9
370000 589.7
375000 583.9
380000 392.8
385000 684.0
390000 571.0
395000 584.7
400000 385.7
405000 574.4
410000 450.8
415000 688.6
420000 588.4
425000 651.2
430000 345.8
435000 683.9
440000 748.4
445000 559.3
450000 696.2
455000 685.9
460000 780.3
465000 578.9
470000 575.7
475000 373.1
480000 578.5
485000 852.3
490000 577.5
495000 837.4
500000 686.4
505000 718.3
510000 707.6
515000 585.7
520000 678.1
525000 681.4
530000 587.3
535000 575.1
540000 871.4
545000 634.8
550000 779.6
555000 684.3
560000 758.8
565000 775.2
570000 682.2
575000 866.2
580000 961.6
585000 976.3
590000 955.0
595000 774.9
600000 861.3
605000 874.2
610000 769.4
615000 666.2
620000 677.9
625000 772.7
630000 768.0
635000 778.8
640000 668.5
645000 609.1
650000 594.2
655000 939.1
660000 953.5
665000 867.1
670000 966.9
675000 863.1
680000 877.4
685000 865.2
690000 874.3
695000 858.3
700000 974.6
705000 866.6
710000 766.8
715000 781.0
720000 766.5
725000 772.6
730000 675.9
735000 972.8
740000 977.7
745000 973.0
750000 867.3
755000 875.3
760000 966.1
765000 948.9
770000 748.9
775000 959.1
780000 646.6
785000 869.9
790000 766.6
795000 863.4
800000 910.8
805000 876.2
810000 968.2
815000 767.5
820000 965.5
825000 770.1
830000 868.3
835000 864.9
840000 967.6
845000 869.8
850000 676.4
855000 878.0
860000 977.0
865000 675.1
870000 682.9
875000 877.2
880000 869.6
885000 959.3
890000 857.8
895000 866.7
900000 954.9
905000 977.5
910000 878.4
915000 865.5
920000 874.6
925000 869.5
930000 965.8
935000 873.6
940000 968.8
945000 967.3
950000 974.3
955000 880.4
960000 856.8
965000 975.3
970000 863.8
975000 880.5
980000 881.6
985000 959.3
990000 877.4
995000 672.9
1000000 859.6
1005000 774.0
1010000 477.5
1015000 782.8
1020000 465.0
1025000 301.8
1030000 492.1
1035000 566.0
1040000 388.0
1045000 679.2
1050000 389.4
1055000 394.9
1060000 470.5
1065000 373.8
1070000 290.7
1075000 365.8
1080000 345.0
1085000 585.5
1090000 877.4
1095000 853.6
1100000 646.2
1105000 493.7
1110000 571.9
1115000 482.0
1120000 625.2
1125000 750.5
1130000 772.9
1135000 663.7
1140000 575.1
1145000 555.1
1150000 662.2
1155000 663.9
1160000 680.2
1165000 784.6
1170000 466.7
1175000 771.5
1180000 649.6
1185000 861.3
1190000 702.5
1195000 869.3
1200000 659.7
1205000 681.4
1210000 659.0
1215000 761.1
1220000 808.4
1225000 779.2
1230000 980.8
1235000 728.7
1240000 961.3
1245000 853.9
1250000 729.2
1255000 883.9
1260000 681.9
1265000 976.3
1270000 863.4
1275000 777.0
1280000 869.1
1285000 758.7
1290000 866.9
1295000 586.8
1300000 755.3
1305000 866.1
1310000 857.1
1315000 958.7
1320000 960.1
1325000 884.3
1330000 573.9
1335000 954.6
1340000 876.8
1345000 872.5
1350000 778.1
1355000 875.8
1360000 966.8
1365000 863.0
1370000 777.2
1375000 860.3
1380000 968.4
1385000 971.2
1390000 957.7
1395000 767.4
1400000 776.3
1405000 867.6
1410000 680.8
1415000 674.1
1420000 959.8
1425000 960.8
1430000 915.5
1435000 682.0
1440000 780.9
1445000 845.4
1450000 870.5
1455000 972.9
1460000 866.5
1465000 881.6
1470000 974.8
1475000 865.3
1480000 789.8
1485000 761.8
1490000 766.0
1495000 864.0
1500000 877.5
1505000 955.2
1510000 870.2
1515000 777.3
1520000 972.8
1525000 874.3
1530000 681.6
1535000 967.6
1540000 978.6
1545000 965.4
1550000 970.3
1555000 867.5
1560000 878.1
1565000 858.1
1570000 863.2
1575000 877.7
1580000 876.8
1585000 970.7
1590000 773.5
1595000 971.8
1600000 877.9
1605000 872.0
1610000 976.1
1615000 970.4
1620000 871.4
1625000 964.0
1630000 979.4
1635000 979.3
1640000 775.8
1645000 877.7
1650000 975.9
1655000 772.2
1660000 967.8
1665000 957.9
1670000 966.7
1675000 965.2
1680000 970.7
1685000 957.4
1690000 845.3
1695000 975.4
1700000 971.1
1705000 971.6
1710000 867.4
1715000 979.2
1720000 980.0
1725000 975.4
1730000 773.2
1735000 963.5
1740000 763.5
1745000 981.8
1750000 781.1
1755000 971.1
1760000 877.1
1765000 977.0
1770000 975.2
1775000 881.5
1780000 976.0
1785000 973.7
1790000 968.6
1795000 864.7
1800000 777.0
1805000 870.5
1810000 978.9
1815000 971.7
1820000 973.9
1825000 977.5
1830000 956.3
1835000 980.9
1840000 975.9
1845000 862.3
1850000 975.6
1855000 878.2
1860000 961.9
1865000 867.9
1870000 969.2
1875000 898.0
1880000 965.7
1885000 968.3
1890000 966.1
1895000 876.1
1900000 972.5
1905000 970.6
1910000 873.2
1915000 978.9
1920000 942.8
1925000 977.9
1930000 971.9
1935000 873.5
1940000 959.7
1945000 981.0
1950000 971.6
1955000 991.5
1960000 977.1
1965000 877.8
1970000 970.8
1975000 968.8
1980000 969.1
1985000 967.4
1990000 966.0
1995000 967.1
2000000 870.6
