5000 0.7
10000 0.0
15000 2.4
20000 0.0
25000 127.4
30000 11.6
35000 100.0
40000 200.8
45000 95.7
50000 0.9
55000 137.1
60000 102.0
65000 98.2
70000 177.3
75000 471.0
80000 198.4
85000 298.4
90000 36.2
95000 1.3
100000 2.9
105000 96.9
110000 203.2
115000 101.7
120000 96.5
125000 20.3
130000 293.5
135000 145.7
140000 193.2
145000 568.9
150000 295.8
155000 0.0
160000 290.6
165000 281.9
170000 299.1
175000 292.8
180000 293.4
185000 202.8
190000 236.5
195000 290.4
200000 191.6
205000 295.4
210000 96.7
215000 414.8
220000 483.0
225000 303.6
230000 397.7
235000 481.5
240000 593.1
245000 288.3
250000 1.8
255000 350.2
260000 98.3
265000 774.4
270000 518.2
275000 366.1
280000 101.8
285000 486.4
290000 579.2
295000 377.7
300000 627.4
305000 481.1
310000 377.8
315000 668.9
320000 359.5
325000 527.0
330000 485.7
335000 388.1
340000 197.0
345000 172.2
350000 671.8
355000 759.0
360000 197.7
365000 493.2
370000 583.4
375000 389.8
380000 393.3
385000 483.8
390000 279.6
395000 393.2
400000 191.3
405000 585.8
410000 483.9
415000 273.8
420000 393.6
425000 189.8
430000 673.4
435000 588.5
440000 677.4
445000 489.2
450000 791.0
455000 487.6
460000 492.1
465000 296.0
470000 486.5
475000 290.7
480000 572.5
485000 458.1
490000 586.5
495000 591.0
500000 772.8
505000 385.1
510000 575.1
515000 972.0
520000 756.5
525000 877.4
530000 590.0
535000 777.3
540000 496.0
545000 879.5
550000 681.0
555000 580.9
560000 526.5
565000 594.0
570000 589.5
575000 772.9
580000 746.6
585000 575.7
590000 674.3
595000 870.7
600000 867.5
605000 639.1
610000 781.7
615000 674.0
620000 671.6
625000 682.7
630000 863.3
635000 782.6
640000 578.5
645000 674.0
650000 968.5
655000 871.6
660000 963.9
665000 877.1
670000 969.1
675000 873.8
680000 963.7
685000 865.4
690000 867.4
695000 767.8
700000 878.4
705000 762.6
710000 961.1
715000 955.7
720000 978.6
725000 869.1
730000 766.4
735000 963.4
740000 787.3
745000 761.9
750000 772.2
755000 761.8
760000 872.3
765000 771.2
770000 764.0
775000 865.4
780000 780.9
785000 963.7
790000 970.0
795000 864.1
800000 774.6
805000 881.8
810000 869.2
815000 966.8
820000 774.8
825000 867.4
830000 849.9
835000 858.3
840000 957.7
845000 868.1
850000 867.8
855000 875.9
860000 668.6
865000 691.7
870000 876.9
875000 870.1
880000 865.5
885000 858.3
890000 951.1
895000 865.2
900000 873.9
905000 969.2
910000 961.5
915000 874.9
920000 961.0
925000 964.8
930000 958.4
935000 974.1
940000 979.0
945000 961.9
950000 974.8
955000 867.4
960000 861.1
965000 963.9
970000 951.9
975000 780.6
980000 868.5
985000 974.0
990000 960.6
995000 867.6
1000000 967.5
1005000 963.0
1010000 828.1
1015000 675.8
1020000 594.5
1025000 314.5
1030000 394.2
1035000 211.9
1040000 514.7
1045000 771.3
1050000 395.3
1055000 484.8
1060000 763.9
1065000 748.8
1070000 751.8
1075000 590.1
1080000 657.8
1085000 677.5
1090000 574.2
1095000 679.5
1100000 781.6
1105000 862.2
1110000 750.4
1115000 951.6
1120000 482.2
1125000 853.5
1130000 733.5
1135000 731.0
1140000 967.9
1145000 480.2
1150000 667.2
1155000 868.9
1160000 678.4
1165000 589.4
1170000 675.7
1175000 805.9
1180000 675.8
1185000 581.3
1190000 768.2
1195000 829.0
1200000 959.9
1205000 865.2
1210000 867.4
1215000 747.1
1220000 873.5
1225000 582.0
1230000 676.6
1235000 587.4
1240000 582.2
1245000 868.4
1250000 845.0
1255000 865.3
1260000 971.0
1265000 960.7
1270000 869.1
1275000 866.5
1280000 873.2
1285000 962.1
1290000 963.2
1295000 966.5
1300000 943.4
1305000 956.5
1310000 866.6
1315000 971.3
1320000 865.8
1325000 869.7
1330000 676.7
1335000 974.5
1340000 843.6
1345000 771.2
1350000 949.4
1355000 871.0
1360000 870.5
1365000 946.2
1370000 947.1
1375000 956.9
1380000 862.8
1385000 973.5
1390000 766.3
1395000 971.4
1400000 967.4
1405000 679.1
1410000 762.4
1415000 965.1
1420000 965.0
1425000 859.3
1430000 977.1
1435000 878.7
1440000 983.1
1445000 869.5
1450000 865.4
1455000 978.1
1460000 960.0
1465000 874.6
1470000 873.9
1475000 973.0
1480000 860.4
1485000 968.2
1490000 974.1
1495000 879.0
1500000 965.6
1505000 881.1
1510000 774.4
1515000 881.0
1520000 973.2
1525000 973.5
1530000 967.4
1535000 979.9
1540000 786.5
1545000 877.3
1550000 780.4
1555000 958.8
1560000 965.3
1565000 872.1
1570000 866.1
1575000 781.4
1580000 881.3
1585000 972.4
1590000 960.5
1595000 975.6
1600000 969.3
1605000 969.7
1610000 779.2
1615000 972.7
1620000 872.5
1625000 870.4
1630000 980.2
1635000 972.2
1640000 767.0
1645000 961.0
1650000 859.5
1655000 867.8
1660000 781.6
1665000 774.2
1670000 769.3
1675000 877.0
1680000 955.4
1685000 967.6
1690000 969.2
1695000 979.4
1700000 970.8
1705000 776.5
1710000 963.1
1715000 960.6
1720000 857.6
1725000 875.7
1730000 962.9
1735000 879.6
1740000 978.8
1745000 773.6
1750000 876.8
1755000 970.3
1760000 968.2
1765000 856.4
1770000 973.2
1775000 961.5
1780000 952.7
1785000 957.4
1790000 779.6
1795000 769.7
1800000 777.1
1805000 774.7
1810000 970.2
1815000 965.8
1820000 869.8
1825000 773.7
1830000 971.4
1835000 973.6
1840000 965.1
1845000 881.2
1850000 973.4
1855000 867.2
1860000 975.4
1865000 977.1
1870000 970.8
1875000 978.8
1880000 865.1
1885000 972.7
1890000 879.9
1895000 977.2
1900000 970.6
1905000 981.8
1910000 971.8
1915000 873.6
1920000 964.5
1925000 769.5
1930000 975.9
1935000 974.0
1940000 974.0
1945000 874.0
1950000 976.4
1955000 877.1
1960000 963.4
1965000 973.7
1970000 973.1
1975000 952.2
1980000 965.6
1985000 874.3
1990000 966.7
1995000 974.2
2000000 962.9
