5000 0.0
10000 100.0
15000 100.0
20000 97.2
25000 204.0
30000 62.7
35000 1.2
40000 100.0
45000 100.6
50000 8.4
55000 1.8
60000 113.5
65000 188.6
70000 104.3
75000 154.5
80000 243.9
85000 130.7
90000 110.2
95000 190.8
100000 284.4
105000 166.4
110000 278.5
115000 302.4
120000 164.4
125000 300.0
130000 275.0
135000 186.2
140000 205.4
145000 201.2
150000 196.0
155000 288.2
160000 288.7
165000 100.0
170000 98.9
175000 503.4
180000 354.7
185000 226.5
190000 192.1
195000 465.3
200000 391.6
205000 2.4
210000 299.8
215000 99.9
220000 98.2
225000 587.2
230000 133.5
235000 293.3
240000 193.5
245000 582.9
250000 643.2
255000 288.3
260000 387.9
265000 585.7
270000 473.8
275000 453.9
280000 486.7
285000 291.5
290000 666.3
295000 757.6
300000 636.2
305000 769.0
310000 565.4
315000 676.9
320000 401.5
325000 587.7
330000 674.7
335000 664.2
340000 576.3
345000 776.6
350000 284.9
355000 745.1
360000 785.1
365000 677.4
370000 461.8
375000 781.0
380000 481.0
385000 653.8
390000 871.3
395000 498.0
400000 870.9
405000 852.2
410000 614.1
415000 677.5
420000 901.7
425000 688.7
430000 857.8
435000 585.5
440000 661.9
445000 766.6
450000 857.8
455000 772.7
460000 767.1
465000 685.7
470000 859.7
475000 874.3
480000 759.3
485000 572.6
490000 879.0
495000 969.4
500000 855.5
505000 388.6
510000 679.9
515000 958.3
520000 968.6
525000 950.1
530000 878.9
535000 671.9
540000 877.8
545000 863.4
550000 946.6
555000 773.6
560000 969.8
565000 853.9
570000 962.8
575000 867.1
580000 965.8
585000 967.5
590000 872.0
595000 966.6
600000 782.6
605000 971.4
610000 948.7
615000 785.6
620000 967.3
625000 970.3
630000 869.0
635000 764.9
640000 866.7
645000 679.8
650000 866.7
655000 866.5
660000 877.0
665000 768.6
670000 865.4
675000 846.9
680000 873.0
685000 972.6
690000 774.2
695000 865.4
700000 967.6
705000 860.3
710000 871.1
715000 684.9
720000 873.3
725000 960.6
730000 851.8
735000 971.7
740000 769.3
745000 885.1
750000 877.6
755000 973.9
760000 953.9
765000 975.3
770000 971.9
775000 969.1
780000 978.8
785000 978.8
790000 978.9
795000 970.6
800000 967.7
805000 883.1
810000 965.1
815000 970.8
820000 971.3
825000 973.5
830000 979.8
835000 971.7
840000 880.1
845000 961.3
850000 965.0
855000 970.7
860000 868.2
865000 870.1
870000 970.9
875000 970.9
880000 979.5
885000 950.4
890000 981.6
895000 961.6
900000 845.5
905000 870.5
910000 868.7
915000 974.9
920000 974.8
925000 983.3
930000 956.9
935000 780.1
940000 958.9
945000 868.4
950000 975.9
955000 950.7
960000 960.1
965000 950.3
970000 965.8
975000 969.2
980000 973.2
985000 877.5
990000 878.8
995000 971.4
1000000 777.0
1005000 699.0
1010000 446.3
1015000 775.1
1020000 483.5
1025000 500.9
1030000 535.1
1035000 680.5
1040000 749.7
1045000 425.4
1050000 479.0
1055000 484.5
1060000 769.7
1065000 841.6
1070000 387.7
1075000 665.5
1080000 588.6
1085000 722.1
1090000 592.0
1095000 858.9
1100000 525.7
1105000 982.8
1110000 774.8
1115000 819.1
1120000 882.7
1125000 683.8
1130000 839.2
1135000 867.1
1140000 846.3
1145000 960.4
1150000 882.8
1155000 756.3
1160000 851.7
1165000 865.7
1170000 583.6
1175000 862.5
1180000 764.2
1185000 668.7
1190000 979.2
1195000 864.1
1200000 964.8
1205000 850.7
1210000 781.7
1215000 957.1
1220000 877.1
1225000 768.5
1230000 777.6
1235000 775.1
1240000 770.0
1245000 674.8
1250000 873.8
1255000 968.1
1260000 869.8
1265000 960.4
1270000 765.9
1275000 769.8
1280000 976.1
1285000 975.8
1290000 869.2
1295000 972.5
1300000 873.0
1305000 974.4
1310000 684.7
1315000 878.3
1320000 971.7
1325000 878.3
1330000 780.7
1335000 966.4
1340000 977.9
1345000 767.2
1350000 871.7
1355000 981.9
1360000 770.2
1365000 870.5
1370000 873.4
1375000 779.1
1380000 879.6
1385000 877.9
1390000 872.7
1395000 871.2
1400000 779.1
1405000 976.0
1410000 970.8
1415000 977.7
1420000 967.0
1425000 979.8
1430000 759.2
1435000 778.6
1440000 980.1
1445000 976.3
1450000 962.1
1455000 966.6
1460000 871.2
1465000 970.6
1470000 954.8
1475000 687.5
1480000 973.4
1485000 677.7
1490000 951.9
1495000 867.7
1500000 967.1
1505000 880.2
1510000 967.8
1515000 869.2
1520000 859.7
1525000 971.3
1530000 958.7
1535000 965.2
1540000 969.2
1545000 950.3
1550000 970.7
1555000 871.7
1560000 968.4
1565000 962.6
1570000 969.1
1575000 966.9
1580000 876.0
1585000 981.0
1590000 880.3
1595000 877.8
1600000 883.7
1605000 971.7
1610000 950.9
1615000 866.8
1620000 967.6
1625000 778.0
1630000 977.8
1635000 965.3
1640000 864.6
1645000 977.5
1650000 961.9
1655000 969.9
1660000 881.4
1665000 949.8
1670000 970.1
1675000 879.0
1680000 866.1
1685000 870.3
1690000 975.7
1695000 966.6
1700000 874.1
1705000 781.5
1710000 882.2
1715000 971.1
1720000 969.5
1725000 877.1
1730000 977.2
1735000 972.4
1740000 776.1
1745000 875.5
1750000 967.1
1755000 874.1
1760000 869.4
1765000 967.7
1770000 962.0
1775000 954.8
1780000 977.1
1785000 964.4
1790000 880.7
1795000 976.3
1800000 964.4
1805000 977.3
1810000 982.9
1815000 969.5
1820000 780.1
1825000 976.5
1830000 978.5
1835000 960.8
1840000 867.9
1845000 972.0
1850000 977.5
1855000 973.1
1860000 980.9
1865000 970.2
1870000 978.4
1875000 879.7
1880000 884.7
1885000 882.8
1890000 877.4
1895000 973.0
1900000 972.6
1905000 980.3
1910000 974.2
1915000 873.7
1920000 967.5
1925000 979.4
1930000 965.5
1935000 969.0
1940000 866.3
1945000 870.1
1950000 789.9
1955000 974.5
1960000 883.7
1965000 972.8
1970000 974.4
1975000 971.3
1980000 978.6
1985000 969.7
1990000 978.2
1995000 791.5
2000000 966.1
