5000 0.0
10000 0.0
15000 100.0
20000 0.0
25000 101.8
30000 96.2
35000 0.4
40000 0.0
45000 2.7
50000 0.5
55000 35.7
60000 9.8
65000 91.1
70000 99.1
75000 100.7
80000 100.0
85000 100.0
90000 124.1
95000 103.7
100000 295.7
105000 192.5
110000 100.0
115000 189.5
120000 198.9
125000 169.0
130000 105.7
135000 100.2
140000 113.8
145000 198.0
150000 194.8
155000 379.0
160000 376.4
165000 291.2
170000 294.3
175000 238.8
180000 312.7
185000 396.4
190000 488.5
195000 183.9
200000 562.3
205000 400.6
210000 294.0
215000 361.2
220000 283.6
225000 395.0
230000 733.8
235000 484.0
240000 293.9
245000 496.1
250000 286.4
255000 479.6
260000 666.1
265000 170.7
270000 193.0
275000 484.2
280000 484.9
285000 487.4
290000 295.3
295000 294.0
300000 281.6
305000 289.0
310000 485.2
315000 465.7
320000 388.4
325000 561.5
330000 394.7
335000 488.6
340000 951.6
345000 451.2
350000 589.8
355000 587.2
360000 671.5
365000 583.3
370000 580.8
375000 779.0
380000 766.0
385000 661.2
390000 674.7
395000 458.1
400000 581.4
405000 480.2
410000 296.8
415000 563.1
420000 392.7
425000 846.4
430000 589.5
435000 684.3
440000 582.3
445000 582.2
450000 668.0
455000 860.8
460000 664.2
465000 663.6
470000 679.1
475000 666.0
480000 677.6
485000 780.9
490000 687.8
495000 578.1
500000 472.5
505000 584.7
510000 685.7
515000 766.8
520000 488.3
525000 670.6
530000 187.6
535000 771.4
540000 783.0
545000 389.6
550000 687.2
555000 582.2
560000 570.2
565000 587.8
570000 481.9
575000 684.8
580000 781.0
585000 784.6
590000 678.6
595000 590.9
600000 666.1
605000 875.0
610000 672.5
615000 590.7
620000 390.1
625000 390.7
630000 782.2
635000 682.5
640000 877.4
645000 682.5
650000 784.8
655000 678.1
660000 873.3
665000 872.9
670000 965.5
675000 588.9
680000 783.9
685000 774.8
690000 763.9
695000 688.7
700000 683.5
705000 877.1
710000 696.9
715000 582.9
720000 981.9
725000 860.3
730000 781.2
735000 865.7
740000 785.8
745000 870.5
750000 291.9
755000 882.0
760000 962.1
765000 872.2
770000 864.7
775000 976.6
780000 771.9
785000 781.3
790000 773.5
795000 882.8
800000 862.2
805000 877.3
810000 956.3
815000 856.9
820000 856.1
825000 875.7
830000 878.4
835000 776.3
840000 776.8
845000 870.1
850000 873.0
855000 764.7
860000 961.2
865000 970.1
870000 762.2
875000 962.7
880000 956.2
885000 877.7
890000 954.4
895000 776.3
900000 967.0
905000 969.1
910000 860.5
915000 971.6
920000 682.8
925000 770.9
930000 867.9
935000 883.2
940000 869.3
945000 682.8
950000 872.9
955000 868.5
960000 969.4
965000 958.3
970000 978.7
975000 774.7
980000 973.2
985000 784.4
990000 875.9
995000 866.5
1000000 977.4
1005000 564.5
1010000 291.0
1015000 391.0
1020000 687.0
1025000 628.8
1030000 484.5
1035000 568.2
1040000 671.7
1045000 453.5
1050000 387.5
1055000 477.1
1060000 659.6
1065000 277.7
1070000 672.2
1075000 95.7
1080000 782.4
1085000 484.4
1090000 487.1
1095000 485.2
1100000 664.6
1105000 584.8
1110000 520.2
1115000 379.0
1120000 661.1
1125000 981.6
1130000 677.1
1135000 667.7
1140000 584.3
1145000 753.9
1150000 666.1
1155000 676.6
1160000 761.0
1165000 949.7
1170000 586.6
1175000 758.6
1180000 673.0
1185000 574.4
1190000 576.4
1195000 668.0
1200000 577.2
1205000 854.4
1210000 564.7
1215000 587.3
1220000 550.6
1225000 859.9
1230000 653.0
1235000 862.6
1240000 736.1
1245000 868.7
1250000 763.5
1255000 584.2
1260000 775.2
1265000 978.8
1270000 977.3
1275000 671.2
1280000 753.7
1285000 482.4
1290000 839.3
1295000 843.8
1300000 967.2
1305000 890.3
1310000 675.4
1315000 670.3
1320000 767.2
1325000 878.9
1330000 968.7
1335000 861.4
1340000 873.6
1345000 868.1
1350000 832.8
1355000 775.6
1360000 591.2
1365000 662.3
1370000 668.7
1375000 877.0
1380000 948.1
1385000 669.9
1390000 874.6
1395000 776.5
1400000 955.4
1405000 802.0
1410000 687.8
1415000 769.6
1420000 869.5
1425000 762.4
1430000 856.7
1435000 962.4
1440000 774.3
1445000 784.0
1450000 869.1
1455000 874.4
1460000 867.1
1465000 757.9
1470000 783.2
1475000 962.9
1480000 873.9
1485000 687.1
1490000 871.5
1495000 777.4
1500000 670.2
1505000 769.9
1510000 773.4
1515000 758.1
1520000 972.3
1525000 863.6
1530000 877.8
1535000 878.6
1540000 965.8
1545000 864.7
1550000 968.2
1555000 962.6
1560000 862.2
1565000 772.7
1570000 854.3
1575000 877.6
1580000 973.3
1585000 961.1
1590000 871.4
1595000 975.3
1600000 767.8
1605000 774.2
1610000 772.2
1615000 980.6
1620000 975.4
1625000 959.4
1630000 872.9
1635000 974.1
1640000 686.6
1645000 856.5
1650000 968.2
1655000 957.0
1660000 861.4
1665000 865.3
1670000 580.4
1675000 964.2
1680000 681.4
1685000 968.1
1690000 878.3
1695000 780.4
1700000 875.0
1705000 966.8
1710000 976.3
1715000 971.5
1720000 773.9
1725000 967.8
1730000 854.9
1735000 870.0
1740000 875.6
1745000 869.9
1750000 957.2
1755000 778.7
1760000 875.1
1765000 762.1
1770000 774.2
1775000 875.5
1780000 874.0
1785000 979.1
1790000 973.5
1795000 976.0
1800000 872.4
1805000 869.3
1810000 873.9
1815000 868.0
1820000 971.3
1825000 779.3
1830000 888.0
1835000 875.1
1840000 849.7
1845000 871.3
1850000 881.0
1855000 974.5
1860000 969.0
1865000 972.5
1870000 966.7
1875000 969.7
1880000 960.6
1885000 881.8
1890000 970.3
1895000 876.8
1900000 979.8
1905000 960.3
1910000 776.5
1915000 969.9
1920000 960.8
1925000 869.4
1930000 974.3
1935000 964.2
1940000 863.9
1945000 967.9
1950000 770.6
1955000 874.1
1960000 962.1
1965000 871.3
1970000 973.1
1975000 778.7
1980000 873.1
1985000 879.2
1990000 869.2
1995000 963.9
2000000 877.6
