5000 0.0
10000 0.0
15000 149.2
20000 100.3
25000 0.0
30000 9.4
35000 100.0
40000 193.0
45000 101.2
50000 17.3
55000 104.0
60000 203.7
65000 0.0
70000 100.0
75000 178.2
80000 3.6
85000 1.1
90000 185.1
95000 192.4
100000 172.3
105000 187.4
110000 284.9
115000 191.1
120000 97.9
125000 52.0
130000 200.0
135000 100.0
140000 292.1
145000 121.7
150000 191.7
155000 109.6
160000 178.3
165000 191.2
170000 128.2
175000 95.9
180000 198.2
185000 462.3
190000 200.0
195000 292.4
200000 287.3
205000 298.1
210000 294.1
215000 99.3
220000 296.8
225000 94.7
230000 295.6
235000 389.6
240000 487.2
245000 170.2
250000 197.7
255000 189.2
260000 575.5
265000 385.5
270000 280.2
275000 175.1
280000 292.4
285000 275.6
290000 100.0
295000 395.0
300000 389.1
305000 195.8
310000 479.8
315000 292.7
320000 294.0
325000 200.8
330000 492.8
335000 293.7
340000 194.0
345000 400.0
350000 292.3
355000 376.6
360000 393.5
365000 195.1
370000 290.6
375000 488.5
380000 191.3
385000 399.3
390000 385.9
395000 385.4
400000 589.4
405000 486.9
410000 198.2
415000 378.9
420000 476.3
425000 196.6
430000 197.7
435000 490.6
440000 281.5
445000 387.3
450000 388.8
455000 492.4
460000 586.2
465000 373.4
470000 490.4
475000 587.8
480000 479.8
485000 460.4
490000 297.3
495000 584.0
500000 483.1
505000 286.5
510000 387.3
515000 509.6
520000 194.3
525000 334.2
530000 489.0
535000 199.7
540000 662.1
545000 682.7
550000 425.8
555000 583.0
560000 393.5
565000 193.3
570000 585.3
575000 587.7
580000 394.6
585000 688.6
590000 750.6
595000 290.5
600000 686.4
605000 481.6
610000 674.5
615000 481.4
620000 293.6
625000 568.5
630000 196.8
635000 578.0
640000 564.5
645000 379.4
650000 292.2
655000 582.4
660000 512.7
665000 482.5
670000 485.3
675000 489.2
680000 484.9
685000 484.3
690000 588.2
695000 682.9
700000 778.5
705000 388.0
710000 588.7
715000 590.0
720000 680.2
725000 287.3
730000 678.8
735000 589.9
740000 393.3
745000 583.3
750000 566.3
755000 483.6
760000 480.1
765000 567.5
770000 662.4
775000 862.2
780000 780.3
785000 575.9
790000 584.5
795000 687.3
800000 667.3
805000 563.6
810000 788.8
815000 771.8
820000 585.7
825000 862.7
830000 688.2
835000 487.5
840000 577.9
845000 681.6
850000 685.7
855000 675.7
860000 681.0
865000 860.7
870000 678.5
875000 873.5
880000 567.5
885000 774.1
890000 776.1
895000 886.7
900000 576.9
905000 675.7
910000 567.4
915000 761.1
920000 773.2
925000 965.5
930000 765.8
935000 390.5
940000 775.7
945000 686.3
950000 752.9
955000 680.5
960000 669.0
965000 569.6
970000 964.0
975000 678.3
980000 956.8
985000 881.7
990000 756.0
995000 958.5
1000000 673.0
1005000 484.4
1010000 648.5
1015000 726.3
1020000 484.5
1025000 572.3
1030000 395.3
1035000 392.1
1040000 287.7
1045000 200.0
1050000 290.0
1055000 582.6
1060000 497.6
1065000 477.7
1070000 581.0
1075000 0.4
1080000 292.2
1085000 477.7
1090000 776.8
1095000 571.0
1100000 291.2
1105000 578.8
1110000 579.2
1115000 383.2
1120000 679.7
1125000 655.2
1130000 674.8
1135000 756.3
1140000 655.6
1145000 580.7
1150000 579.5
1155000 582.3
1160000 476.3
1165000 868.9
1170000 752.1
1175000 388.5
1180000 663.9
1185000 763.4
1190000 881.1
1195000 720.7
1200000 869.2
1205000 488.5
1210000 276.9
1215000 865.3
1220000 583.6
1225000 481.3
1230000 461.2
1235000 579.6
1240000 752.4
1245000 857.2
1250000 675.4
1255000 882.5
1260000 877.0
1265000 773.2
1270000 942.9
1275000 575.6
1280000 928.0
1285000 962.4
1290000 659.7
1295000 666.0
1300000 865.3
1305000 584.2
1310000 669.0
1315000 978.9
1320000 777.7
1325000 630.7
1330000 779.9
1335000 758.4
1340000 769.7
1345000 733.1
1350000 869.9
1355000 849.6
1360000 964.2
1365000 761.5
1370000 962.7
1375000 964.2
1380000 772.7
1385000 974.9
1390000 860.4
1395000 765.4
1400000 970.6
1405000 856.3
1410000 869.6
1415000 433.0
1420000 671.1
1425000 776.0
1430000 868.0
1435000 878.4
1440000 683.2
1445000 774.6
1450000 870.7
1455000 779.5
1460000 777.0
1465000 774.3
1470000 875.3
1475000 681.9
1480000 876.6
1485000 874.5
1490000 784.8
1495000 769.5
1500000 874.3
1505000 972.4
1510000 682.3
1515000 786.5
1520000 881.7
1525000 874.2
1530000 676.0
1535000 776.7
1540000 969.5
1545000 762.1
1550000 866.6
1555000 965.1
1560000 857.1
1565000 937.1
1570000 867.9
1575000 964.9
1580000 870.9
1585000 779.0
1590000 966.4
1595000 934.5
1600000 962.5
1605000 965.8
1610000 871.7
1615000 976.0
1620000 769.5
1625000 955.5
1630000 877.1
1635000 983.3
1640000 879.2
1645000 867.2
1650000 880.0
1655000 975.9
1660000 866.6
1665000 763.6
1670000 767.4
1675000 728.5
1680000 961.6
1685000 771.3
1690000 770.1
1695000 970.2
1700000 970.4
1705000 872.7
1710000 958.2
1715000 863.7
1720000 956.5
1725000 777.6
1730000 974.3
1735000 779.8
1740000 853.4
1745000 780.9
1750000 974.5
1755000 862.1
1760000 981.7
1765000 967.7
1770000 956.9
1775000 879.5
1780000 879.7
1785000 783.5
1790000 962.8
1795000 682.2
1800000 882.0
1805000 958.1
1810000 875.0
1815000 774.8
1820000 677.2
1825000 773.7
1830000 782.1
1835000 885.2
1840000 875.9
1845000 880.5
1850000 973.2
1855000 970.3
1860000 964.4
1865000 970.6
1870000 876.1
1875000 972.3
1880000 973.3
1885000 873.3
1890000 975.7
1895000 879.8
1900000 781.2
1905000 967.3
1910000 969.7
1915000 866.5
1920000 973.2
1925000 779.7
1930000 879.9
1935000 972.6
1940000 867.0
1945000 878.4
1950000 869.1
1955000 879.1
1960000 782.7
1965000 779.1
1970000 963.8
1975000 971.0
1980000 971.3
1985000 773.0
1990000 974.6
1995000 977.6
2000000 971.3
